custom,startcuboid,default,12.5,1,30,0,1,1,1,1.0,1.0,-382.93,-1.482409,-10708.74,0,0.697499,0,-0.7165859;
spawnpoint,playerC,-280.8518,3.937825,-10712.07,0,0.6902676,0,-0.7235542;
spawnpoint,playerM,-280.9579,3.937935,-10712.35,0,0.7052692,0,-0.7089397;
custom,startcuboid,default,1,8,30,0,1,1,1,1.0,1.0,-384.5256,33.84115,-10766.15,0,0.696743,0,-0.7173209;
custom,startcuboid,default,1,8,30,0,1,1,1,1.0,1.0,-381.3689,33.84115,-10650.97,0,0.696743,0,-0.7173209;
custom,startcuboid,default,12.5,1,30,0,1,1,1,1.0,1.0,-382.8943,69.11752,-10707.74,0,0.697499,0,-0.7165859;
custom,startcuboid,default,12.5,8,1,0,1,1,1,1.0,1.0,-237.4089,33.26996,-10712.7,0,0.6984935,0,-0.7156164;
custom,killcuboid,bombexplosiontex,30,30,0.001,1,1,0,0,1.0,1.0,-6378.206,-1368.907,-10595.56,-0.09540617,0.6781921,-0.08392303,-0.7238163;
map,disablebounds;
misc,barrier,12.5,2,700,-3927.629,-825.6041,-10638.73,-0.08685651,0.6949281,-0.07995816,-0.709322;
custom,killcuboid,bombexplosiontex,30,30,0.001,1,0,0,1,1.0,1.0,-6519.78,-1403.186,-10593.87,-0.105338,0.6953569,-0.09357921,-0.7047167;
misc,barrier,12.5,2,700,-3927.629,-745.8074,-10638.73,-0.08685651,0.6949281,-0.07995816,-0.709322;
misc,barrier,2,12,700,-3924.379,-785.6059,-10701.87,-0.08685651,0.6949281,-0.07995816,-0.709322;
misc,barrier,2,12,700,-3915.043,-779.4063,-10574.76,-0.08685651,0.6949281,-0.07995816,-0.709322;
custom,killcuboid,metal3,5,9,3,0,1,1,1,1.0,1.0,-1219.96,-148.1424,-10661.3,-0.08651088,0.712458,0.08924646,0.6906191;
custom,killcuboid,metal3,5,9,3,0,1,1,1,1.0,1.0,-2503.687,-457.3454,-10695.77,-0.08651083,0.712458,0.08924641,0.6906191;
custom,killcuboid,metal3,5,9,3,0,1,1,1,1.0,1.0,-1627.507,-245.9433,-10712.78,-0.08651087,0.712458,0.08924645,0.6906191;
custom,killcuboid,metal3,5,9,3,0,1,1,1,1.0,1.0,-3579.92,-716.7379,-10674.23,-0.08651083,0.712458,0.08924641,0.6906191;
custom,killcuboid,metal3,5,9,3,0,1,1,1,1.0,1.0,-2081.2,-356.1444,-10643.62,-0.08651085,0.712458,0.08924643,0.6906191;
custom,killcuboid,metal3,5,9,3,0,1,1,1,1.0,1.0,-3024.598,-583.7433,-10625.7,-0.08651084,0.712458,0.08924642,0.6906191;
custom,killcuboid,metal3,9,9,110,0,1,1,1,1.0,1.0,-4465.171,-929.5723,-10615.09,-0.08425102,0.6942344,-0.08020699,-0.7102867;
custom,killcuboid,metal3,9,9,110,0,1,1,1,1.0,1.0,-6136.513,-1338.154,-10602.46,-0.08425102,0.6942344,-0.08020699,-0.7102867;
misc,barrier,5,3,9,-1219.766,-148.1424,-10661.25,-0.5489168,0.4414681,0.5662752,0.4279354;
misc,barrier,5,3,9,-2503.639,-457.3454,-10696.31,-0.549812,0.4402811,0.567198,0.4267854;
misc,barrier,5,3,9,-1627.507,-245.9433,-10712.78,-0.5487679,0.4416653,0.5661207,0.4281274;
misc,barrier,5,3,9,1.0,-3579.92,-716.7379,-10674.23,-0.08651083,0.712458,0.08924641,0.6906191;
misc,barrier,5,3,9,-2081.2,-356.1444,-10643.62,-0.5492156,0.4410727,0.5665832,0.4275521;
misc,barrier,5,3,9,-3024.598,-583.7433,-10625.7,0.4283189,0.5659665,-0.441863,0.5486182;
misc,barrier,5,3,9,1.0,-4468.167,-957.7712,-10638.48,-0.08425102,0.6942344,-0.08020698,-0.7102867;
misc,barrier,9,9,110,-4465.187,-929.4102,-10614.73,-0.08425102,0.6942344,-0.08020701,-0.7102867;
misc,barrier,9,9,110,-6136.555,-1338.121,-10602.4,-0.08425102,0.6942344,-0.080207,-0.7102867;
custom,cylinder,ice1,7,10,10,0,1,1,1,1.0,1.0,-7196.735,-1585.256,-10437.56,0,0.8340831,0,0.5516388;
custom,pyramid,wood1,6,6,6,0,1,1,1,1.0,1.0,-7196.228,-1433.31,-10438.4,0,0.03404634,0,-0.9994203;
custom,killcuboid,bombexplosiontex,30,0.001,30,1,1,0,0,1.0,1.0,-6801.363,-1484.635,-10574.2,-0.5491107,0.4379724,0.5770071,0.4167978;
custom,killcuboid,bombexplosiontex,30,30,0.001,1,0,1,0,1.0,1.0,-6657.955,-1429.796,-10584.43,-0.08917233,0.715547,0.09293333,0.6865889;
custom,killcuboid,bombexplosiontex,30,30,0.001,1,0,1,0,1.0,1.0,-6265.957,-1350.816,-10590.28,-0.07215974,0.6965058,0.07074848,0.7103994;
custom,killcuboid,bombexplosiontex,30,30,0.001,1,0,1,0,1.0,1.0,-5844.764,-1260.638,-10593.63,-0.06680108,0.7138053,0.06873168,0.6937547;
custom,killcuboid,bombexplosiontex,30,30,0.001,1,0,1,0,1.0,1.0,-5516.396,-1170.037,-10600.68,-0.08391551,0.7104278,0.08597123,0.6934403;
custom,killcuboid,bombexplosiontex,30,30,0.001,1,0,1,0,1.0,1.0,-5063.067,-1066.891,-10616.31,-0.07441323,0.7205074,0.07827211,0.6849856;
custom,killcuboid,bombexplosiontex,30,30,0.001,1,0,1,0,1.0,1.0,-4585.583,-943.5315,-10628.29,-0.05816957,0.7296001,0.06254879,0.6785188;
custom,killcuboid,bombexplosiontex,30,30,0.001,1,0,1,0,1.0,1.0,-3962.188,-801.0461,-10629.9,-0.04501988,0.7322472,0.0486358,0.6778067;
custom,killcuboid,bombexplosiontex,30,30,0.001,1,0,1,0,1.0,1.0,-3299.435,-634.5463,-10650.28,-0.06030745,0.7191978,0.06292167,0.6893175;
custom,killcuboid,bombexplosiontex,30,30,0.001,1,0,1,0,1.0,1.0,-2492.256,-433.0749,-10680.1,-0.07302087,0.7223886,0.07720111,0.6832736;
custom,killcuboid,bombexplosiontex,30,30,0.001,1,0,1,0,1.0,1.0,-1795.978,-279.8642,-10680.59,-0.07867607,0.7039851,0.07896456,0.7014127;
custom,killcuboid,bombexplosiontex,30,30,0.001,1,0,1,0,1.0,1.0,-1112.64,-130.1871,-10683.88,-0.09856116,0.7074983,0.1006919,0.6925266;
custom,killcuboid,bombexplosiontex,30,30,0.001,1,1,0,0,1.0,1.0,-601.105,10.62716,-10693.75,-0.04978103,0.6988059,-0.04886528,-0.711902;
custom,killcuboid,bombexplosiontex,30,30,0.001,1,0,0,1,1.0,1.0,-6127.073,-1306.767,-10607.37,-0.07051881,0.6879098,-0.06745014,-0.7192063;
custom,killcuboid,bombexplosiontex,30,30,0.001,1,1,0,0,1.0,1.0,-5984.967,-1276.953,-10600.23,-0.06666766,0.7105699,-0.05339922,-0.6984228;
custom,killcuboid,bombexplosiontex,30,30,0.001,1,1,0,0,1.0,1.0,-5611.476,-1195.306,-10621.24,-0.07350518,0.6827338,-0.06934958,-0.7236451;
custom,killcuboid,bombexplosiontex,30,30,0.001,1,0,0,1,1.0,1.0,-5367.968,-1124.939,-10611.55,-0.07754233,0.686353,-0.0674796,-0.7199675;
custom,killcuboid,bombexplosiontex,30,30,0.001,1,1,0,0,1.0,1.0,-5235.618,-1090.186,-10612.49,-0.0736623,0.681091,-0.06918266,-0.7251915;
custom,killcuboid,bombexplosiontex,30,30,0.001,1,0,0,1,1.0,1.0,-4886.823,-1015.12,-10617.38,-0.09653942,0.6899738,-0.08784775,-0.7119685;
custom,killcuboid,bombexplosiontex,30,30,0.001,1,1,0,0,1.0,1.0,-4727.361,-982.3012,-10617.72,-0.07626089,0.6926569,-0.07890438,-0.7128709;
custom,killcuboid,bombexplosiontex,30,30,0.001,1,0,0,1,1.0,1.0,-4385.356,-901.6416,-10627.27,-0.06234648,0.6986123,-0.05838637,-0.7103835;
custom,killcuboid,bombexplosiontex,30,30,0.001,1,1,0,0,1.0,1.0,-4147.357,-838.9742,-10626.62,-0.06683817,0.6999452,-0.05860767,-0.7086428;
custom,killcuboid,bombexplosiontex,30,30,0.001,1,0,0,1,1.0,1.0,-3702.939,-727.8185,-10635.78,-0.07026631,0.6905921,-0.06771315,-0.7166312;
custom,killcuboid,bombexplosiontex,30,30,0.001,1,1,0,0,1.0,1.0,-3483.692,-677.2823,-10644.56,-0.07419676,0.6845043,-0.06602463,-0.7222115;
custom,killcuboid,bombexplosiontex,30,30,0.001,1,0,0,1,1.0,1.0,-3012.901,-553.6935,-10653.61,-0.0756395,0.6936278,-0.06165299,-0.7136932;
custom,killcuboid,bombexplosiontex,30,30,0.001,1,1,0,0,1.0,1.0,-2749.333,-484.5123,-10662.74,-0.08070577,0.6990199,-0.06642878,-0.7074214;
custom,killcuboid,bombexplosiontex,30,30,0.001,1,0,0,1,1.0,1.0,-2248.075,-373.894,-10675.86,-0.0872197,0.6932201,-0.08511674,-0.7103477;
custom,killcuboid,bombexplosiontex,30,30,0.001,1,1,0,0,1.0,1.0,-2001.484,-317.1257,-10664.54,-0.08921536,0.6867962,-0.08554498,-0.7162637;
custom,killcuboid,bombexplosiontex,30,30,0.001,1,0,0,1,1.0,1.0,-1594.598,-225.0264,-10691.68,-0.08138927,0.7014126,-0.08115624,-0.7034273;
custom,killcuboid,bombexplosiontex,30,30,0.001,1,1,0,0,1.0,1.0,-1336.984,-160.9621,-10693.18,-0.06905901,0.6902393,-0.06646249,-0.7172052;
custom,killcuboid,bombexplosiontex,30,30,0.001,1,0,0,1,1.0,1.0,-827.2175,-34.93868,-10700.81,-0.07733208,0.6939743,-0.07538974,-0.7118538;
custom,checkpointpyramid,default,1.5,2,0.001,1,0,1,0,1.0,1.0,-3930.483,-784.2379,-10644.4,0.4926702,0.4456509,-0.5268404,-0.5301985;
custom,checkpointpyramid,default,1.5,2,0.001,1,0,1,0,1.0,1.0,-3930.526,-784.3638,-10618.3,0.4978409,0.4824415,-0.5175518,-0.5015424;
custom,checkpointpyramid,default,1.5,2,0.001,1,0,1,0,1.0,1.0,-5600.047,-1195.103,-10593.28,-0.5135348,0.4667422,0.5173756,-0.5007557;
custom,checkpointpyramid,default,1.5,2,0.001,1,0,1,0,1.0,1.0,-5603.099,-1194.3,-10621.19,-0.5231869,0.4986633,0.5023463,-0.4746142;
custom,cylinder,stone10,1,4,1,0,1,1,1,1.0,1.0,-375.042,35.52102,-10727.04,0,0.7021194,0,-0.7120593;
custom,cylinder,stone10,1,4,1,0,1,1,1,1.0,1.0,-377.8105,36.74252,-10687.48,0,0.6879888,0,-0.7257213;
custom,killcuboid,metal3,11.5,1,700,0,1,1,1,1.0,1.0,-3927.629,-820.5244,-10638.73,-0.08685651,0.6949281,-0.07995816,-0.709322;
custom,cuboid,stone10,500,3,500,0,1,1,1,50,50,-9760.987,-1651.931,-8122.065,0,-0.007441718,0,-0.9999723;
custom,cuboid,stone10,3,8,250,0,1,1,1,15,1,-7365.879,-1597.09,-9385.057,0,0.006870139,0,0.9999764;
custom,cuboid,stone10,3,8,260,0,1,1,1,15,1,-7519.654,-1597.09,-9347.36,0,0.006870139,0,0.9999764;
custom,cuboid,stone10,60,8,3,0,1,1,1,5,1,-7552.624,-1597.068,-7830.089,0,0.9999814,0,-0.006096839;
custom,cuboid,stone10,60,8,3,0,1,1,1,5,1,-7598.609,-1597.08,-10640.83,0,0.006140544,0,0.9999812;
custom,cuboid,stone10,3,8,270,0,1,1,1,15,1,-7288.976,-1597.09,-9168.112,0,0.006870139,0,0.9999764;
custom,cuboid,stone10,3,8,260,0,1,1,1,15,1,-7593.709,-1597.09,-9132.976,0,0.006870139,0,0.9999764;
custom,cuboid,stone10,3,8,260,0,1,1,1,15,1,-7678.052,-1597.09,-9346.711,0,0.006870139,0,0.9999764;
custom,cuboid,stone10,3,8,260,0,1,1,1,15,1,-7759.242,-1597.09,-9128.235,0,0.006870139,0,0.9999764;
custom,cuboid,stone10,3,8,280,0,1,1,1,15,1,-7864.049,-1597.09,-9225.161,0,0.006870139,0,0.9999764;
custom,cylinder,metal3,3.2,8,8,0,1,1,1,5,1,-7502.106,-1636.81,-8059.441,0,0.9999963,0,-0.002721427;
custom,cylinder,metal3,3.2,8,8,0,1,1,1,5,1,-7349.1,-1636.755,-8148.052,0,0.999799,0,-0.02005228;
custom,cylinder,metal3,3.2,8,8,0,1,1,1,5,1,-7660.697,-1636.36,-8059.417,0,0.9998551,0,-0.0170231;
custom,cylinder,metal3,3.2,8,8,0,1,1,1,5,1,-7611.542,-1637.041,-10421.39,0,0.005933607,0,0.9999824;
custom,cylinder,metal3,3.2,8,8,0,1,1,1,5,1,-7458.618,-1636.816,-10444.73,0,0.003763201,0,0.9999929;
custom,cylinder,metal3,3.2,8,8,0,1,1,1,5,1,-7777.367,-1636.918,-10422.6,0,0.005955882,0,0.9999823;
custom,cuboid,stone10,3,8,260,0,1,1,1,15,1,-7440.148,-1597.09,-9139.846,0,0.006870139,0,0.9999764;
custom,cylinder,metal3,3.2,8,8,0,1,1,1,5,1,-7458.618,-1636.816,-10444.73,0,0.003763201,0,0.9999929;
misc,barrier,50,4,290,-7522.502,-1538.09,-9206.249,0,0.006439666,0,0.9999793;
misc,barrier,15,10,3,-7380.753,-1610.089,-10566.3,0,0.7020742,0,-0.7121038;
custom,cuboid,stone10,13,3,260,0,1,1,1,1,5,-7817.458,-1542.523,-9353.056,0,0.006280605,0,0.9999803;
custom,cuboid,stone10,13,3,260,0,1,1,1,1,5,-7814.856,-1430.13,-9112.508,0,0.006280605,0,0.9999803;
custom,cuboid,stone10,3,25,290,0,1,1,0.7954546,5,1,-7863.366,-1432.518,-9186.363,0,0.006836907,0,0.9999766;
custom,cuboid,stone10,3,25,290,0,1,1,0.7954546,5,1,-7759.848,-1432.438,-9203.79,0,0.006836907,0,0.9999766;
custom,cuboid,stone10,13,50,3,0,1,1,0.7954546,2,5,-7821.165,-1175.27,-10397.82,0,0.007784651,0,0.9999697;
custom,cuboid,stone10,13,75,3,0,1,1,0.7954546,2,5,-7833.26,-1299.308,-10638.34,0,0.006039362,0,0.9999818;
custom,cuboid,stone10,25,50,3,0,1,1,0.7954546,2,5,-7777.76,-1174.459,-10518.72,0,0.7122104,0,0.7019661;
custom,cuboid,stone10,25,30,3,0,1,1,0.7954546,2,5,-7881.626,-1174.459,-10514.83,0,0.7122104,0,0.7019661;
custom,cuboid,stone10,27,3,50,0,1,1,0.7954546,5,5,-8116.693,-1039.369,-10509.3,0,0.711997,0,0.7021826;
custom,cuboid,stone10,27,3,60,0,1,1,0.7954546,5,5,-8064.729,-922.7751,-10512.13,0,0.711997,0,0.7021826;
custom,cuboid,stone10,3,15,50,0,1,1,0.7954546,5,5,-8117.895,-978.6119,-10634.49,0,0.7120609,0,0.7021177;
custom,cuboid,stone10,3,15,40,0,1,1,0.7954546,5,5,-8040.061,-978.6119,-10394.52,0,0.7120609,0,0.7021177;
custom,cuboid,stone10,28,15,3,0,1,1,0.7954546,5,5,-8351.666,-978.8853,-10506.98,0,0.7119989,0,0.7021807;
custom,cuboid,stone10,3,15,50,0,1,1,0.7954546,5,5,-8111.085,-982.7641,-10568.93,0,0.8243159,0,0.5661301;
misc,barrier,3,15,50,-8110.808,-982.7641,-10568.89,0,0.8243159,0,0.5661301;
custom,cuboid,stone10,15,63,3,0,1,1,0.7954546,5,8,-8284.029,-1224.316,-10260.63,0,0.9999626,0,-0.008651765;
custom,cuboid,stone10,13,73,3,0,1,1,0.7954546,1,8,-8349.375,-1272.324,-10309.99,0,0.7121035,0,0.7020745;
custom,cuboid,stone10,13,73,3,0,1,1,0.7954546,1,8,-8223.204,-1273.924,-10311.78,0,0.7121035,0,0.7020745;
custom,cuboid,stone10,15,63,3,0,1,1,0.7954546,5,8,-8289.93,-1339.629,-10386.87,0,0.9999762,0,-0.006906489;
custom,cuboid,stone10,3,12,10,0,1,1,0.7954546,1,1,-8221.656,-1582.261,-10196.47,0,0.9999716,0,-0.007534142;
custom,cuboid,stone10,3,12,10,0,1,1,0.7954546,1,1,-8348.156,-1582.261,-10199.18,0,0.9999716,0,-0.007534142;
custom,cuboid,stone10,15,3,10,0,1,1,0.7954546,1,1,-8283.953,-1523.767,-10196.41,0,0.9999324,0,0.0116305;
custom,arc180,stone10,30,30,30,0,1,1,0.7954546,1,1,-8436.183,-1587.943,-9952.394,0,0.7729922,0,0.6344156;
custom,cylinder,stone7,6,8,6,0,0,1,0,2,2,-8411.001,-1586.43,-10076.54,0,0.8285523,0,-0.5599117;
custom,killarc180,default,15,30,15,0,1,1,0.7954546,1,1,-8468.803,-1588.975,-10060.52,0,0.7527016,0,0.6583619;
misc,barrier,10,15,10,-8396.513,-1584.895,-10113.73,0,0.9855735,0,0.1692481;
misc,barrier,10,15,10,-8440.583,-1597.906,-10063.99,0,0.9715154,0,-0.2369766;
misc,barrier,10,15,10,-8499.466,-1582.122,-10052.96,0,0.9936878,0,0.1121809;
misc,barrier,10,15,10,-8550.031,-1580.819,-10084.74,0,0.8936399,0,0.4487847;
misc,barrier,10,15,10,-8569.558,-1578.021,-10143.65,0,0.70784,0,0.7063729;
custom,killcuboid,metal3,27,15,3,0,1,1,0.7954546,1,1,-8486.728,-1584.127,-10165.73,0,0.009384178,0,-0.999956;
custom,cuboid,stone10,3,15,20,0,1,1,0.7954546,1,1,-8613.152,-1584.523,-10253.83,0,0.02081954,0,0.9997833;
custom,cuboid,stone10,16,15,3,0,1,1,0.7954546,1,1,-8721.138,-1584.192,-10124.92,0,0.7079783,0,0.7062342;
custom,cuboid,stone10,50,3,50,0,1,1,0.7954546,1,1,-8475.624,-1523.415,-9998.853,0,0.9999996,0,0.0009280005;
custom,cuboid,stone10,3,15,270,0,1,1,0.7954546,30,2,-10055.93,-1592.101,-10139.02,0,0.6926146,0,-0.7213079;
custom,cuboid,stone10,3,15,300,0,1,1,0.7954546,30,2,-10100.54,-1584.103,-10277.33,0,0.6926146,0,-0.7213079;
custom,cuboid,stone10,17,3,300,0,1,1,0.7954546,2,30,-10098.6,-1523.365,-10204.97,0,0.6928576,0,-0.7210745;
custom,cuboid,stone10,3,15,15,0,1,1,0.7954546,2,2,-11503.57,-1594.394,-10140.83,0,0.9999958,0,-0.002906879;
custom,startcuboid,default,3,12,250,0,1,1,0.7954546,2,2,-11379.9,-1588.28,-8848.338,0,-0.003485725,0,-0.9999939;
custom,startcuboid,default,3,12,250,0,1,1,0.7954546,2,2,-11494.56,-1582.68,-8826.575,0,-0.003485725,0,-0.9999939;
custom,startcuboid,default,15,3,250,0,1,1,0.7954546,2,2,-11435.11,-1524.622,-8819.293,0,0.003853732,0,0.9999926;
custom,cuboid,crystal1,15,15,4,0,1,1,0.7954546,2,2,-11431.86,-1585.125,-7619.581,0,0.9999996,0,-0.0009577139;
custom,cuboid,default,1.5,4,1.5,1,1,1,0,2,2,-11426.62,-1621.777,-7653.253,0,-0.009270511,0,-0.999957;
custom,cuboid,default,1.5,4,1.5,1,0.6363636,0.6704546,0.6818182,2,2,-11447.81,-1631.177,-7652.069,0,0.004691973,0,-0.999989;
custom,cuboid,default,1.5,4,1.5,1,0.2840909,0.1590909,0,2,2,-11406.83,-1641.176,-7652.464,0,-0.01276096,0,-0.9999186;
custom,cuboid,default,7,4,7,1,0,1,0,2,2,-11428.85,-1655.971,-7678.035,0,0.004038326,0,0.9999918;
racing,endCuboid,8,10,20,-11429.03,-1593.278,-7733.278,0,-0.004920126,0,-0.9999879;
custom,cuboid,stone1,14,7,2,0,0,1,0,2,2,-9306.767,-1605.788,-10248.69,0,0.7222213,0,0.6916621;
custom,cuboid,stone1,14,7,2,0,0,1,0,2,2,-9798.015,-1572.328,-10221.26,0,0.6916535,0,-0.7222295;
custom,cuboid,stone1,14,7,2,0,0,1,0,2,2,-10302.93,-1604.164,-10207.17,0,0.6994839,0,-0.7146484;
custom,cuboid,stone1,7,7,2,0,0,1,0,2,2,-10789.04,-1604.538,-10134.07,0,0.7069902,0,0.7072234;
custom,cuboid,stone1,7,7,2,0,0,1,0,2,2,-10789.22,-1536.905,-10156.51,0,0.7069902,0,0.7072234;
custom,cuboid,stone1,7,7,2,0,0,1,0,2,2,-10789.21,-1627.376,-10199.53,0,0.7069902,0,0.7072234;
custom,cuboid,stone1,7,7,2,0,0,1,0,2,2,-10788.83,-1560.298,-10224.7,0,0.7069902,0,0.7072234;
custom,cuboid,stone10,12,3,12,0,0,1,0,2,2,-8284.971,-922.789,-10317.37,0,0.9999839,0,-0.005675379;
custom,cuboid,stone10,12,20,3,0,0,1,0,2,2,-7787.406,-1463.912,-7827.146,0,0.9999793,0,-0.006440012;
custom,cylinder,metal3,3.2,4,6,0,0,1,0,2,2,-7793.322,-1543.021,-8056.443,-0.7095584,0.7045548,-0.00421809,-0.01056866;
racing,checkpointCuboid,15,8,4,-7342.629,-1605.273,-10562.95,0,0.714076,0,-0.7000682;
racing,checkpointCuboid,5,8,5,-7483.315,-1597.144,-9279.612,0,0.007689075,0,-0.9999704;
racing,checkpointCuboid,5,8,5,-7639.792,-1608.638,-9309.763,0,0.001064868,0,0.9999995;
racing,checkpointCuboid,7,9,7,-7820.828,-1594.273,-9911.312,0,0.0170959,0,0.9998539;
racing,checkpointCuboid,9,10,8,-8670.855,-1587.391,-10194.33,0,0.9999236,0,-0.01236567;
racing,checkpointCuboid,9,10,8,-11445.39,-1589.035,-10030.14,0,0.003712297,0,0.9999931;
custom,killcuboid,bombexplosiontex,20,20,0.001,1,1,0,0,1,1,-11445.3,-1579.254,-9922.775,0,0.002845,0,0.9999959;
custom,killcuboid,bombexplosiontex,20,20,0.001,1,0,1,0,1,1,-11441.8,-1580.065,-9705.98,0,0.01246392,0,0.9999223;
custom,killcuboid,bombexplosiontex,20,20,0.001,1,0,0,1,1,1,-11441.43,-1579.143,-9467.679,0,0.00280538,0,-0.9999961;
custom,killcuboid,bombexplosiontex,20,20,0.001,1,1,0,0,1,1,-11441.27,-1577.236,-9247.814,0,0.001579426,0,0.9999987;
custom,killcuboid,bombexplosiontex,20,20,0.001,1,1,1,0,1,1,-11440.76,-1577.656,-9050.802,0,0.00157961,0,0.9999987;
custom,killcuboid,bombexplosiontex,20,20,0.001,1,0,1,0,1,1,-11440.18,-1581.619,-8869.209,0,0.00157961,0,0.9999987;
custom,killcuboid,bombexplosiontex,20,20,0.001,1,0,1,1,1,1,-11439.61,-1585.517,-8690.562,0,0.00157961,0,0.9999987;
custom,killcuboid,bombexplosiontex,20,20,0.001,1,0,0,1,1,1,-11439.02,-1587.549,-8507.772,0,0.00157961,0,0.9999987;
custom,killcuboid,bombexplosiontex,20,20,0.001,1,0,0,0,1,1,-11433.06,-1582.652,-8326.882,0,0.00157961,0,0.9999987;
custom,killcuboid,bombexplosiontex,20,20,0.001,1,0,0,0,1,1,-11436.08,-1581.231,-8144.567,0,0.00157961,0,0.9999987;
custom,killcuboid,bombexplosiontex,20,20,0.001,1,0,0,0,1,1,-11430.09,-1576.443,-7958.185,0,0.001583638,0,0.9999987;
racing,startCuboid,20,20,4,-513.6828,36.47981,-10703.34,0,0.6975234,0,-0.7165621;
custom,checkpointprism,default,2,0.001,4,1,0,0,0,2,2,-7363.372,-1597.198,-10566.24,0.6581489,0.7516626,0.03931991,0.01724081;
custom,checkpointprism,default,2,0.001,4,1,0,0,0,2,2,-7374.433,-1600.125,-7850.291,-0.4491118,0.5126446,-0.4853889,0.5476236;
custom,checkpointprism,default,2,0.001,4,1,0,0,0,2,2,-7325.313,-1600.31,-7854.14,-0.4041389,-0.5685214,0.4209427,0.5798815;
custom,checkpointprism,default,2,0.001,4,1,0,0,0,2,2,-7481.479,-1602.216,-10620.39,0.4706374,0.5372417,0.475643,0.5134546;
custom,checkpointprism,default,2,0.001,4,1,0,0,0,2,2,-7432.007,-1602.615,-10618.49,0.4774688,0.5498385,-0.4292987,-0.5342321;
custom,checkpointprism,default,2,0.001,4,1,0,0,0,2,2,-7481.661,-1600.831,-7851.03,-0.4829192,-0.5034497,0.4905315,0.5222129;
custom,checkpointprism,default,2,0.001,4,1,0,0,0,2,2,-7522.248,-1599.774,-7850.381,-0.4623595,0.5410076,-0.474646,0.5179244;
custom,checkpointprism,default,2,0.001,4,1,0,0,0,2,2,-7594.473,-1598.009,-10618.86,-0.56612,0.4217166,0.5606648,-0.4328029;
custom,checkpointprism,default,2,0.001,4,1,0,0,0,2,2,-7635.384,-1598.011,-10620.97,0.4602653,0.5490698,0.4370797,0.5437275;
custom,checkpointprism,default,2,0.001,4,1,0,0,0,2,2,-7635.513,-1594.059,-7851.631,-0.4741825,-0.4938319,0.493716,0.5362142;
custom,checkpointprism,default,2,0.001,4,1,0,0,0,2,2,-7675.63,-1592.459,-7849.468,-0.4042802,0.6075866,-0.3842361,0.5654722;
custom,checkpointprism,default,2,0.001,4,1,0,0,0,2,2,-7811.848,-1593.862,-10615.44,0.4309332,0.5655014,0.4299851,0.556433;
custom,checkpointprism,default,2,0.001,4,1,0,0,0,2,2,-7766.153,-1593.862,-10617.08,-0.5255193,0.4682204,0.5303757,-0.4725473;
custom,checkpointprism,default,2,0.001,4,1,0,0,0,2,2,-7792.893,-1585.237,-7848.614,-0.7033101,0.0110351,0.01092014,0.7107136;
custom,checkpointprism,default,2,0.001,4,1,0,0,0,2,2,-7792.775,-1546.839,-7844.62,0.6780782,0.01140951,-0.0105284,0.7348258;
custom,checkpointprism,default,2,0.001,4,1,0,0,0,2,2,-7829.91,-1475.597,-10611.73,-0.001662176,0.7501085,-0.66131,-0.001885369;
custom,checkpointprism,default,2,0.001,4,1,0,0,0,2,2,-7829.343,-1077.807,-10617.2,-0.3674768,0.6165506,-0.2737077,0.6402424;
custom,checkpointprism,default,2,0.001,4,1,0,0,0,2,2,-7824.896,-939.7217,-10503.65,0,0.7053125,0,0.7088966;
custom,checkpointprism,default,2,0.001,4,1,0,0,0,2,2,-7835.867,-991.1541,-10420.21,-0.4717322,0.5468243,-0.4463758,0.5283943;
custom,checkpointprism,default,2,0.001,4,1,0,0,0,2,2,-8329.023,-985.5349,-10428.24,-0.6468948,0.7601513,0.05753459,-0.01967263;
custom,checkpointprism,default,2,0.001,4,1,0,0,0,2,2,-8288.771,-998.4042,-10288.63,-0.7499223,0.01484498,0.01683832,0.661145;
custom,checkpointprism,default,2,0.001,4,1,0,0,0,2,2,-8284.211,-1633.781,-10338.48,0,-0.999943,0,0.01068256;
custom,checkpointprism,default,2,0.001,4,1,0,0,0,2,2,-8284.161,-1634.507,-10142.94,0,0.9809133,0,0.1944456;
custom,checkpointprism,default,2,0.001,4,1,0,0,0,2,2,-8342.257,-1633.221,-9991.521,0,-0.8155135,0,-0.578738;
custom,checkpointprism,default,2,0.001,4,1,0,0,0,2,2,-8548.444,-1634.012,-9948.38,0,0.4413356,0,0.8973421;
custom,checkpointprism,default,2,0.001,4,1,0,0,0,2,2,-8661.838,-1636.479,-10123.63,0,-0.03867091,0,-0.999252;
custom,checkpointprism,default,2,0.001,4,1,0,0,0,2,2,-8674.775,-1591.574,-10308.81,0.5068381,0.5340961,0.4657762,0.4908249;
custom,checkpointprism,default,2,0.001,4,1,0,0,0,2,2,-11475.95,-1584.178,-10113.16,0.6742732,0.7380626,0.006247118,-0.02408571;
custom,checkpointprism,default,2,0.001,4,1,0,0,0,2,2,-11473.58,-1584.178,-10158.21,0.7381151,0.6684584,-0.04733295,-0.07816107;
custom,arena2,default,3,1,20,0,1,1,1,1.0,1.0,-3629.533,-521.6302,-11290.28,-0.4169155,-0.5983612,-0.5212864,-0.443177;
custom,killcuboid,default,4,14,3,0,1,1,1,1.0,1.0,-8608.276,-1582.487,-10132.87,0,0.6892145,0,0.7245574;
custom,arena3,default,4,4,4,0,1,1,1,1.0,1.0,-232.3462,8.725994,-42.4129,0,0.9995315,0,-0.03060726;
custom,arena3,default,4,4,4,0,1,1,1,1.0,1.0,-32.98368,8.725994,32.3711,0,0.9995315,0,-0.03060726;
custom,arena4,default,4,4,4,0,1,1,1,1.0,1.0,-32.23133,8.725994,27.58346,0,0.9995315,0,-0.03060726;
custom,arena2,default,3,2,12,0,1,1,1,1.0,1.0,-11432.53,-1247.535,-8203.851,-0.999772,0.0002272801,-0.01446798,-0.01570578;
custom,arena2,default,3,1,20,0,1,1,1,1.0,1.0,-3936.975,-579.0286,-10149.37,-0.5409223,0.463967,-0.3954509,0.5794448;
custom,arena2,default,3,1,20,0,1,1,1,1.0,1.0,-4212.193,-283.7546,-10646.84,0.7026289,0.09902555,0.6975363,-0.09974887;
custom,cylinder,stone7,6,8,6,0,0,1,0,2,2,-8537.477,-1586.43,-10067.45,0,0.8285523,0,-0.5599117;
custom,cylinder,default,1,4,1,1,0,0,1,1.0,1.0,125.224,321.6283,-56.22817,-0.1873814,0.9822872,3.020864E-05,-0.0001583593;
custom,cylinder,default,1,4,1,1,0,0,1,1.0,1.0,96.72977,322.2649,-56.98677,0.1873798,0.9822787,0.0007816724,0.004097671;
custom,cylinder,default,1,2,1,1,0,0,1,1.0,1.0,112.3853,312.384,-56.37597,-0.6971593,0.7169042,-0.002908266,0.002990634;
custom,cylinder,default,1,4,1,1,0,0,1,1.0,1.0,43.52334,328.7239,-58.73498,0,0.9999599,0,-0.008951948;
custom,cylinder,default,1,4,1,1,0,0,1,1.0,1.0,72.05919,325.5574,-59.85823,0,0.9999636,0,0.008533211;
custom,cylinder,default,1,4,1,1,0,0,1,1.0,1.0,56.08941,326.8839,-59.36643,0.1667621,0.9859566,-0.00149092,-0.008814847;
custom,cylinder,default,1,4,1,1,0,0,1,1.0,1.0,20.50822,327.8713,-62.0205,0,0.9998779,0,-0.01562906;
custom,arc180,default,6,1,6,1,0,0,1,1.0,1.0,-3.764165,329.2634,-59.06743,0.7090116,0.02159144,-0.02737621,0.7043344;
custom,cylinder,default,1,4,1,1,0,0,1,1.0,1.0,-69.23992,326.132,-60.72578,-0.2587949,0.9658358,0.003533692,-0.01318792;
custom,cylinder,default,1,2,1,1,0,0,1,1.0,1.0,-58.91765,345.7323,-58.5149,0.2334236,0.9722792,-0.003189238,-0.01328413;
custom,arc180,default,3,1,1,1,0,0,0,1.0,1.0,33.01564,436.6628,-22.87399,-0.6478582,0.0357905,-0.007312892,0.7608846;
custom,prism,default,9,1,9,1,0,0,0,1.0,1.0,36.38086,451.8103,-31.34066,0.04159843,0.7509161,-0.65731,0.04835445;
custom,prism,default,7,1,7,1,0,0,1,1.0,1.0,35.51493,450.6004,-28.18689,0.03124829,0.7761871,-0.6285444,0.03858843;
custom,arc180,default,4,1,2,1,0,0,0,1.0,1.0,33.04088,443.5691,-24.14392,-0.5518665,0.496533,0.4972987,-0.4489905;
