map,disablebounds;
spawnpoint,playerC,256.9380951,30,-698.1433105,0,-1,0,0;
spawnpoint,playerM,256.9380951,30,-698.1433105,0,-1,0,0;
racing,endcuboid,6,6,6,1396.9381714,30,-458.1433105,0,-1,0,0;
racing,startcuboid,6,6,6,256.9381332,30,-638.1432343,0,-1,0,0;
custom,cuboid,stone6,6,1,6,1,1,1,1,0.6,0.6,256.9381332,0,-698.1433105,0,-1,0,0;
custom,cuboid,stone6,6,1,54,1,1,1,1,0.6,5.4,256.9380951,0,-398.1433105,0,-1,0,0;
custom,cuboid,stone6,6,1,24,1,1,1,1,0.6,2.4,406.9380951,0,-98.1433105,0,-0.7071068,0,-0.7071068;
custom,cuboid,stone6,6,1,54,1,1,1,1,0.6,5.4,556.9380951,0,-398.1432724,0,-1,0,0;
custom,cuboid,stone6,6,1,12,1,1,1,1,0.6,1.2,646.9381714,0,-698.1433105,0,-0.7071068,0,-0.7071068;
custom,cuboid,stone6,6,1,30,1,1,1,1,0.6,3,736.9380951,0,-518.1432343,0,-1,0,0;
custom,cuboid,stone6,6,1,6,1,1,1,1,0.6,0.6,796.9381714,0,-338.1432343,0,-0.7071068,0,-0.7071068;
custom,cuboid,stone6,6,1,18,1,1,1,1,0.6,1.8,856.9381714,0,-218.1432343,0,-1,0,0;
custom,cuboid,stone6,6,1,24,1,1,1,1,0.6,2.4,1006.9381714,0,-98.1432343,0,-0.7071068,0,-0.7071068;
custom,cuboid,stone6,6,1,24,1,1,1,1,0.6,2.4,1156.9381714,0,51.8567657,0,-1,0,0;
custom,cuboid,stone6,6,1,54,1,1,1,1,0.6,5.4,856.9380188,0,201.8567657,0,-0.7071068,0,-0.7071068;
custom,cuboid,stone6,6,1,24,1,1,1,1,0.6,2.4,556.9380188,0,351.8566895,0,-1,0,0;
custom,cuboid,stone6,6,1,36,1,1,1,1,0.6,3.6,346.9380188,0,501.8566895,0,-0.7071068,0,-0.7071068;
custom,cuboid,stone6,6,1,18,1,1,1,1,0.6,1.8,136.9380283,0,381.8566895,0,-1,0,0;
custom,cuboid,stone6,6,1,24,1,1,1,1,0.6,2.4,286.9380379,0,261.8566895,0,-0.7071068,0,-0.7071068;
custom,cuboid,stone6,6,1,18,1,1,1,1,0.6,1.8,436.9380569,0,141.8566895,0,-1,0,0;
custom,cuboid,stone6,6,1,54,1,1,1,1,0.6,5.4,136.9380665,0,21.8566895,0,-0.7071068,0,-0.7071068;
custom,cuboid,stone6,6,1,54,1,1,1,1,0.6,5.4,-163.0619812,0,321.8566895,0,-1,0,0;
custom,cuboid,stone6,6,1,24,1,1,1,1,0.6,2.4,-313.0619812,0,621.8566895,0,-0.7071068,0,-0.7071068;
custom,cuboid,stone6,6,1,36,1,1,1,1,0.6,3.6,-463.0619812,0,411.8566895,0,-1,0,0;
custom,cuboid,stone6,6,1,36,1,1,1,1,0.6,3.6,-523.0619812,0,411.8566895,0,-1,0,0;
custom,cuboid,stone6,6,1,36,1,1,1,1,0.6,3.6,-583.0619812,0,411.8566895,0,-1,0,0;
custom,cuboid,stone6,6,1,36,1,1,1,1,0.6,3.6,-643.0619812,0,411.8566895,0,-1,0,0;
custom,cuboid,stone6,6,1,36,1,1,1,1,0.6,3.6,-703.0619812,0,411.8566895,0,-1,0,0;
custom,cuboid,stone6,6,1,24,1,1,1,1,0.6,2.4,-853.0619812,0,141.8566132,0,-0.7071068,0,-0.7071068;
custom,cuboid,stone6,6,1,24,1,1,1,1,0.6,2.4,-1003.0618286,0,-8.1434631,0,-1,0,0;
custom,cuboid,stone6,6,1,36,1,1,1,1,0.6,3.6,-793.0618286,0,-158.1433868,0,-0.7071068,0,-0.7071068;
custom,cuboid,stone6,6,1,18,1,1,1,1,0.6,1.8,-583.0618286,0,-38.1433868,0,-1,0,0;
custom,cuboid,stone6,6,1,24,1,1,1,1,0.6,2.4,-433.0619812,0,81.8566895,0,-0.7071068,0,-0.7071068;
custom,cuboid,stone6,6,1,24,1,1,1,1,0.6,2.4,-283.0619812,0,-68.1433487,0,-1,0,0;
custom,cuboid,stone6,6,1,12,1,1,1,1,0.6,1.2,-373.0619049,0,-218.1433487,0,-0.7071068,0,-0.7071068;
custom,cuboid,stone6,6,1,12,1,1,1,1,0.6,1.2,-463.0619049,0,-308.1433678,0,-1,0,0;
custom,cuboid,stone6,6,1,54,1,1,1,1,0.6,5.4,-763.0618286,0,-398.1433868,0,-0.7071068,0,-0.7071068;
custom,cuboid,stone6,6,1,6,1,1,1,1,0.6,0.6,-1063.0618286,0,-458.1433868,0,-0.7071068,0,-0.7071068;
custom,cuboid,stone6,6,1,54,1,1,1,1,0.6,5.4,-763.0620575,0,-518.1433868,0,-0.7071068,0,-0.7071068;
custom,cuboid,stone6,6,1,12,1,1,1,1,0.6,1.2,-463.0619049,0,-608.1433868,0,-1,0,0;
custom,cuboid,stone6,6,1,18,1,1,1,1,0.6,1.8,-343.0619049,0,-698.1433868,0,-0.7071068,0,-0.7071068;
custom,cuboid,stone6,6,1,24,1,1,1,1,0.6,2.4,-223.0619812,0,-548.1433868,0,-1,0,0;
custom,cuboid,stone6,6,1,12,1,1,1,1,0.6,1.2,-133.0619812,0,-398.1433868,0,-0.7071068,0,-0.7071068;
custom,cuboid,stone6,6,1,18,1,1,1,1,0.6,1.8,-43.0619812,0,-278.1433678,0,-1,0,0;
custom,cuboid,stone6,6,1,12,1,1,1,1,0.6,1.2,46.9379997,0,-158.1433487,0,-0.7071068,0,-0.7071068;
custom,cuboid,stone6,6,1,54,1,1,1,1,0.6,5.4,136.9380283,0,-458.1433487,0,-1,0,0;
custom,cuboid,stone6,6,1,6,1,1,1,1,0.6,0.6,76.9380569,0,-758.1433105,0,-1,0,0;
custom,cuboid,stone6,6,1,18,1,1,1,1,0.6,1.8,16.9380569,0,-638.1433868,0,-1,0,0;
custom,cuboid,stone6,6,1,24,1,1,1,1,0.6,2.4,-103.0619812,0,-668.1433868,0,-1,0,0;
custom,cuboid,stone6,6,1,6,1,1,1,1,0.6,0.6,-43.0619812,0,-518.1433868,0,-1,0,0;
custom,cuboid,stone6,6,1,6,1,1,1,1,0.6,0.6,-163.0619431,0,-818.1434631,0,-1,0,0;
custom,cuboid,stone6,6,1,42,1,1,1,1,0.6,4.2,-403.0619049,0,-878.1434631,0,-0.7071068,0,-0.7071068;
custom,cuboid,stone6,6,1,12,1,1,1,1,0.6,1.2,-643.0620575,0,-788.1433868,0,-1,0,0;
custom,cuboid,stone6,6,1,42,1,1,1,1,0.6,4.2,-883.0620575,0,-698.1433868,0,-0.7071068,0,-0.7071068;
custom,cuboid,stone6,6,1,24,1,1,1,1,0.6,2.4,-1123.0618286,0,-848.1434631,0,-1,0,0;
custom,cuboid,stone6,6,1,54,1,1,1,1,0.6,5.4,-823.0618286,0,-998.1434631,0,-0.7071068,0,-0.7071068;
custom,cuboid,stone6,6,1,18,1,1,1,1,0.6,1.8,-523.0618286,0,-1118.1434631,0,-1,0,0;
custom,cuboid,stone6,6,1,36,1,1,1,1,0.6,3.6,-313.0618286,0,-1238.1434631,0,-0.7071068,0,-0.7071068;
custom,cuboid,stone6,6,1,18,1,1,1,1,0.6,1.8,-103.0618286,0,-1118.1433105,0,-1,0,0;
custom,cuboid,stone6,6,1,48,1,1,1,1,0.6,4.8,166.9381523,0,-998.1433105,0,-0.7071068,0,-0.7071068;
custom,cuboid,stone6,6,1,6,1,1,1,1,0.6,0.6,436.9381714,0,-1058.1433868,0,-0.7071068,0,-0.7071068;
custom,cuboid,stone6,6,1,30,1,1,1,1,0.6,3,616.9381714,0,-1118.1432343,0,-0.7071068,0,-0.7071068;
custom,cuboid,stone6,6,1,24,1,1,1,1,0.6,2.4,796.9381714,0,-968.1433105,0,-1,0,0;
custom,cuboid,stone6,6,1,24,1,1,1,1,0.6,2.4,946.9381714,0,-818.1433105,0,-0.7071068,0,-0.7071068;
custom,cuboid,stone6,6,1,54,1,1,1,1,0.6,5.4,1096.9381714,0,-518.1433105,0,-1,0,0;
custom,cuboid,stone6,6,1,54,1,1,1,1,0.6,5.4,1396.9381714,0,-218.1433105,0,-0.7071068,0,-0.7071068;
custom,cuboid,stone6,6,1,48,1,1,1,1,0.6,4.8,1696.9381714,0,-488.1433105,0,-1,0,0;
custom,cuboid,stone6,6,1,42,1,1,1,1,0.6,4.2,1456.9381714,0,-758.1433105,0,-0.7071068,0,-0.7071068;
custom,cuboid,stone6,6,1,36,1,1,1,1,0.6,3.6,1216.9381714,0,-548.1433105,0,-1,0,0;
custom,cuboid,stone6,6,1,30,1,1,1,1,0.6,3,1396.9381714,0,-338.1433105,0,-0.7071068,0,-0.7071068;
custom,cuboid,stone6,6,1,24,1,1,1,1,0.6,2.4,1576.9381714,0,-488.1433105,0,-1,0,0;
custom,cuboid,stone6,6,1,18,1,1,1,1,0.6,1.8,1456.9378662,0,-638.1433105,0,-0.7071068,0,-0.7071068;
custom,cuboid,stone6,6,1,12,1,1,1,1,0.6,1.2,1336.9381714,0,-548.1433105,0,-1,0,0;
custom,cuboid,stone6,6,1,6,1,1,1,1,0.6,0.6,1396.9381714,0,-458.1433105,0,-0.7071068,0,-0.7071068;
custom,cuboid,stone6,6,1,6,1,1,1,1,0.6,0.6,1096.9381714,0,-818.1433105,0,-0.7071068,0,-0.7071068;
custom,cuboid,stone6,6,1,6,1,1,1,1,0.6,0.6,1216.9381714,0,-758.1433105,0,-0.7071068,0,-0.7071068;
custom,cuboid,stone6,6,1,6,1,1,1,1,0.6,0.6,1216.9381714,0,-338.1433105,0,-0.7071068,0,-0.7071068;
custom,cuboid,stone6,6,1,6,1,1,1,1,0.6,0.6,1576.9381714,0,-338.1433105,0,-0.7071068,0,-0.7071068;
custom,cuboid,stone6,6,1,6,1,1,1,1,0.6,0.6,1156.9381714,0,-98.1432343,0,-0.7071068,0,-0.7071068;
custom,cuboid,stone6,6,1,6,1,1,1,1,0.6,0.6,1696.9381714,0,-218.1433296,0,-0.7071068,0,-0.7071068;
custom,cuboid,stone6,6,1,6,1,1,1,1,0.6,0.6,1696.9381714,0,-758.1433105,0,-0.7071068,0,-0.7071068;
custom,cuboid,stone6,6,1,6,1,1,1,1,0.6,0.6,856.9381714,0,-338.1432343,0,-0.7071068,0,-0.7071068;
custom,cuboid,stone6,6,1,6,1,1,1,1,0.6,0.6,1096.9381714,0,-218.1433105,0,-0.7071068,0,-0.7071068;
custom,cuboid,stone6,6,1,6,1,1,1,1,0.6,0.6,736.9380951,0,-338.1432724,0,-0.7071068,0,-0.7071068;
custom,cuboid,stone6,6,1,6,1,1,1,1,0.6,0.6,736.9381714,0,-698.1433105,0,-0.7071068,0,-0.7071068;
custom,cuboid,stone6,6,1,6,1,1,1,1,0.6,0.6,556.9381714,0,-698.1433105,0,-0.7071068,0,-0.7071068;
custom,cuboid,stone6,6,1,6,1,1,1,1,0.6,0.6,556.9380188,0,-98.1432724,0,-0.7071068,0,-0.7071068;
custom,cuboid,stone6,6,1,6,1,1,1,1,0.6,0.6,1156.9380188,0,201.8567657,0,-0.7071068,0,-0.7071068;
custom,cuboid,stone6,6,1,6,1,1,1,1,0.6,0.6,856.9381714,0,-98.1432343,0,-0.7071068,0,-0.7071068;
custom,cuboid,stone6,6,1,6,1,1,1,1,0.6,0.6,556.9380188,0,201.8566895,0,-0.7071068,0,-0.7071068;
custom,cuboid,stone6,6,1,6,1,1,1,1,0.6,0.6,436.9380188,0,261.8566895,0,-0.7071068,0,-0.7071068;
custom,cuboid,stone6,6,1,6,1,1,1,1,0.6,0.6,556.9380188,0,501.8566895,0,-0.7071068,0,-0.7071068;
custom,cuboid,stone6,6,1,6,1,1,1,1,0.6,0.6,136.9380188,0,501.8566895,0,-0.7071068,0,-0.7071068;
custom,cuboid,stone6,6,1,6,1,1,1,1,0.6,0.6,136.9380379,0,261.8566895,0,-0.7071068,0,-0.7071068;
custom,cuboid,stone6,6,1,6,1,1,1,1,0.6,0.6,436.9380569,0,21.8566895,0,-0.7071068,0,-0.7071068;
custom,cuboid,stone6,6,1,6,1,1,1,1,0.6,0.6,-163.0619431,0,21.8566895,0,-0.7071068,0,-0.7071068;
custom,cuboid,stone6,6,1,6,1,1,1,1,0.6,0.6,-163.0619812,0,621.8566895,0,-0.7071068,0,-0.7071068;
custom,cuboid,stone6,6,1,6,1,1,1,1,0.6,0.6,-703.0619812,0,201.8566132,0,-0.7071068,0,-0.7071068;
custom,cuboid,stone6,6,1,6,1,1,1,1,0.6,0.6,-583.0618286,0,81.8566132,0,-0.7071068,0,-0.7071068;
custom,cuboid,stone6,6,1,6,1,1,1,1,0.6,0.6,-283.0619812,0,81.8566895,0,-0.7071068,0,-0.7071068;
custom,cuboid,stone6,6,1,6,1,1,1,1,0.6,0.6,-283.0619049,0,-218.1433487,0,-0.7071068,0,-0.7071068;
custom,cuboid,stone6,6,1,6,1,1,1,1,0.6,0.6,-463.0619049,0,-218.1433487,0,-0.7071068,0,-0.7071068;
custom,cuboid,stone6,6,1,6,1,1,1,1,0.6,0.6,-463.0619049,0,-398.1433868,0,-0.7071068,0,-0.7071068;
custom,cuboid,stone6,6,1,6,1,1,1,1,0.6,0.6,-463.0619812,0,-518.1433868,0,-0.7071068,0,-0.7071068;
custom,cuboid,stone6,6,1,6,1,1,1,1,0.6,0.6,-463.0619049,0,-698.1433105,0,-0.7071068,0,-0.7071068;
custom,cuboid,stone6,6,1,6,1,1,1,1,0.6,0.6,-223.0619049,0,-698.1433868,0,-0.7071068,0,-0.7071068;
custom,cuboid,stone6,6,1,6,1,1,1,1,0.6,0.6,16.9380569,0,-758.1433105,0,-0.7071068,0,-0.7071068;
custom,cuboid,stone6,6,1,6,1,1,1,1,0.6,0.6,136.9380569,0,-758.1433105,0,-0.7071068,0,-0.7071068;
custom,cuboid,stone6,6,1,6,1,1,1,1,0.6,0.6,256.938076,0,-98.1432724,0,-0.7071068,0,-0.7071068;
custom,cuboid,stone6,6,1,6,1,1,1,1,0.6,0.6,136.9379997,0,-158.1433487,0,-0.7071068,0,-0.7071068;
custom,cuboid,stone6,6,1,6,1,1,1,1,0.6,0.6,-43.0619812,0,-158.1433487,0,-0.7071068,0,-0.7071068;
custom,cuboid,stone6,6,1,6,1,1,1,1,0.6,0.6,-43.0619812,0,-398.1433487,0,-0.7071068,0,-0.7071068;
custom,cuboid,stone6,6,1,6,1,1,1,1,0.6,0.6,-223.0619812,0,-398.1433868,0,-0.7071068,0,-0.7071068;
custom,cuboid,stone6,6,1,6,1,1,1,1,0.6,0.6,16.9380379,0,-518.1433868,0,-0.7071068,0,-0.7071068;
custom,cuboid,stone6,6,1,6,1,1,1,1,0.6,0.6,-103.0619812,0,-518.1433868,0,-0.7071068,0,-0.7071068;
custom,cuboid,stone6,6,1,6,1,1,1,1,0.6,0.6,-103.0619431,0,-818.1434631,0,-0.7071068,0,-0.7071068;
custom,cuboid,stone6,6,1,6,1,1,1,1,0.6,0.6,-163.0619431,0,-878.1434631,0,-0.7071068,0,-0.7071068;
custom,cuboid,stone6,6,1,6,1,1,1,1,0.6,0.6,-523.0618286,0,-998.1434631,0,-0.7071068,0,-0.7071068;
custom,cuboid,stone6,6,1,6,1,1,1,1,0.6,0.6,-643.0620575,0,-878.1433868,0,-0.7071068,0,-0.7071068;
custom,cuboid,stone6,6,1,6,1,1,1,1,0.6,0.6,-643.0620575,0,-698.1433868,0,-0.7071068,0,-0.7071068;
custom,cuboid,stone6,6,1,6,1,1,1,1,0.6,0.6,-1123.0618286,0,-698.1434631,0,-0.7071068,0,-0.7071068;
custom,cuboid,stone6,6,1,6,1,1,1,1,0.6,0.6,-1123.0618286,0,-998.1433105,0,-0.7071068,0,-0.7071068;
custom,cuboid,stone6,6,1,6,1,1,1,1,0.6,0.6,-1063.0618286,0,-518.1433868,0,-0.7071068,0,-0.7071068;
custom,cuboid,stone6,6,1,6,1,1,1,1,0.6,0.6,-1063.0618286,0,-398.1433868,0,-0.7071068,0,-0.7071068;
custom,cuboid,stone6,6,1,6,1,1,1,1,0.6,0.6,-1003.0618286,0,-158.1433868,0,-0.7071068,0,-0.7071068;
custom,cuboid,stone6,6,1,6,1,1,1,1,0.6,0.6,-1003.0619812,0,141.8565369,0,-0.7071068,0,-0.7071068;
custom,cuboid,stone6,6,1,6,1,1,1,1,0.6,0.6,-583.0618286,0,-158.1433868,0,-0.7071068,0,-0.7071068;
custom,cuboid,stone6,6,1,6,1,1,1,1,0.6,0.6,-463.0619812,0,621.8566895,0,-0.7071068,0,-0.7071068;
custom,cuboid,stone6,6,1,6,1,1,1,1,0.6,0.6,-703.0619812,0,141.8566132,0,-0.7071068,0,-0.7071068;
custom,cuboid,stone6,6,1,12,1,1,1,1,0.6,1.2,-493.0619812,0,201.8566895,0,-0.7071068,0,-0.7071068;
custom,cuboid,stone6,6,1,12,1,1,1,1,0.6,1.2,-613.0619812,0,201.8566132,0,-0.7071068,0,-0.7071068;
custom,cuboid,stone6,6,1,12,1,1,1,1,0.6,1.2,-553.0619812,0,621.8566895,0,-0.7071068,0,-0.7071068;
custom,cuboid,stone6,6,1,12,1,1,1,1,0.6,1.2,-673.0619812,0,621.8566895,0,-0.7071068,0,-0.7071068;
custom,cuboid,stone6,6,1,6,1,1,1,1,0.6,0.6,796.9381714,0,-818.1433105,0,-0.7071068,0,-0.7071068;
custom,cuboid,stone6,6,1,6,1,1,1,1,0.6,0.6,796.9381714,0,-1118.1432343,0,-0.7071068,0,-0.7071068;
custom,cuboid,stone6,6,1,6,1,1,1,1,0.6,0.6,1576.9381714,0,-638.1433105,0,-0.7071068,0,-0.7071068;
custom,cuboid,stone6,6,1,6,1,1,1,1,0.6,0.6,436.9381714,0,-998.1433868,0,-0.7071068,0,-0.7071068;
custom,cuboid,stone6,6,1,6,1,1,1,1,0.6,0.6,1336.9381714,0,-638.1433105,0,-0.7071068,0,-0.7071068;
custom,cuboid,stone6,6,1,6,1,1,1,1,0.6,0.6,-523.0618286,0,-1238.1434631,0,-0.7071068,0,-0.7071068;
custom,cuboid,stone6,6,1,6,1,1,1,1,0.6,0.6,1336.9381714,0,-458.1433105,0,-0.7071068,0,-0.7071068;
custom,cuboid,stone6,6,1,6,1,1,1,1,0.6,0.6,436.9381714,0,-1118.1433868,0,-0.7071068,0,-0.7071068;
custom,cuboid,stone6,6,1,6,1,1,1,1,0.6,0.6,-103.0618286,0,-998.1433105,0,-0.7071068,0,-0.7071068;
custom,cuboid,stone6,6,1,6,1,1,1,1,0.6,0.6,-103.0618286,0,-1238.1433105,0,-0.7071068,0,-0.7071068;
custom,cuboid,stone2,6,1,6,1,1,1,1,0.6,0.6,256.9381332,60,-698.1433105,0,-1,0,0;
custom,cuboid,stone2,6,1,54,1,1,1,1,0.6,5.4,256.9380951,60,-398.1433105,0,-1,0,0;
custom,cuboid,stone2,6,1,24,1,1,1,1,0.6,2.4,406.9380951,60,-98.1433105,0,-0.7071068,0,-0.7071068;
custom,cuboid,stone2,6,1,54,1,1,1,1,0.6,5.4,556.9380951,60,-398.1432724,0,-1,0,0;
custom,cuboid,stone2,6,1,12,1,1,1,1,0.6,1.2,646.9381714,60,-698.1433105,0,-0.7071068,0,-0.7071068;
custom,cuboid,stone2,6,1,30,1,1,1,1,0.6,3,736.9380951,60,-518.1432343,0,-1,0,0;
custom,cuboid,stone2,6,1,6,1,1,1,1,0.6,0.6,796.9381714,60,-338.1432343,0,-0.7071068,0,-0.7071068;
custom,cuboid,stone2,6,1,18,1,1,1,1,0.6,1.8,856.9381714,60,-218.1432343,0,-1,0,0;
custom,cuboid,stone2,6,1,24,1,1,1,1,0.6,2.4,1006.9381714,60,-98.1432343,0,-0.7071068,0,-0.7071068;
custom,cuboid,stone2,6,1,24,1,1,1,1,0.6,2.4,1156.9381714,60,51.8567657,0,-1,0,0;
custom,cuboid,stone2,6,1,54,1,1,1,1,0.6,5.4,856.9380188,60,201.8567657,0,-0.7071068,0,-0.7071068;
custom,cuboid,stone2,6,1,24,1,1,1,1,0.6,2.4,556.9380188,60,351.8566895,0,-1,0,0;
custom,cuboid,stone2,6,1,36,1,1,1,1,0.6,3.6,346.9380188,60,501.8566895,0,-0.7071068,0,-0.7071068;
custom,cuboid,stone2,6,1,18,1,1,1,1,0.6,1.8,136.9380283,60,381.8566895,0,-1,0,0;
custom,cuboid,stone2,6,1,24,1,1,1,1,0.6,2.4,286.9380379,60,261.8566895,0,-0.7071068,0,-0.7071068;
custom,cuboid,stone2,6,1,18,1,1,1,1,0.6,1.8,436.9380569,60,141.8566895,0,-1,0,0;
custom,cuboid,stone2,6,1,54,1,1,1,1,0.6,5.4,136.9380665,60,21.8566895,0,-0.7071068,0,-0.7071068;
custom,cuboid,stone2,6,1,54,1,1,1,1,0.6,5.4,-163.0619812,60,321.8566895,0,-1,0,0;
custom,cuboid,stone2,6,1,24,1,1,1,1,0.6,2.4,-313.0619812,60,621.8566895,0,-0.7071068,0,-0.7071068;
custom,cuboid,stone2,6,1,36,1,1,1,1,0.6,3.6,-463.0619812,60,411.8566895,0,-1,0,0;
custom,cuboid,stone2,6,1,36,1,1,1,1,0.6,3.6,-523.0619812,60,411.8566895,0,-1,0,0;
custom,cuboid,stone2,6,1,36,1,1,1,1,0.6,3.6,-583.0619812,60,411.8566895,0,-1,0,0;
custom,cuboid,stone2,6,1,36,1,1,1,1,0.6,3.6,-643.0619812,60,411.8566895,0,-1,0,0;
custom,cuboid,stone2,6,1,36,1,1,1,1,0.6,3.6,-703.0619812,60,411.8566895,0,-1,0,0;
custom,cuboid,stone2,6,1,24,1,1,1,1,0.6,2.4,-853.0619812,60,141.8566132,0,-0.7071068,0,-0.7071068;
custom,cuboid,stone2,6,1,24,1,1,1,1,0.6,2.4,-1003.0618286,60,-8.1434631,0,-1,0,0;
custom,cuboid,stone2,6,1,36,1,1,1,1,0.6,3.6,-793.0618286,60,-158.1433868,0,-0.7071068,0,-0.7071068;
custom,cuboid,stone2,6,1,18,1,1,1,1,0.6,1.8,-583.0618286,60,-38.1433868,0,-1,0,0;
custom,cuboid,stone2,6,1,24,1,1,1,1,0.6,2.4,-433.0619812,60,81.8566895,0,-0.7071068,0,-0.7071068;
custom,cuboid,stone2,6,1,24,1,1,1,1,0.6,2.4,-283.0619812,60,-68.1433487,0,-1,0,0;
custom,cuboid,stone2,6,1,12,1,1,1,1,0.6,1.2,-373.0619049,60,-218.1433487,0,-0.7071068,0,-0.7071068;
custom,cuboid,stone2,6,1,12,1,1,1,1,0.6,1.2,-463.0619049,60,-308.1433678,0,-1,0,0;
custom,cuboid,stone2,6,1,54,1,1,1,1,0.6,5.4,-763.0618286,60,-398.1433868,0,-0.7071068,0,-0.7071068;
custom,cuboid,stone2,6,1,6,1,1,1,1,0.6,0.6,-1063.0618286,60,-458.1433868,0,-0.7071068,0,-0.7071068;
custom,cuboid,stone2,6,1,54,1,1,1,1,0.6,5.4,-763.0620575,60,-518.1433868,0,-0.7071068,0,-0.7071068;
custom,cuboid,stone2,6,1,12,1,1,1,1,0.6,1.2,-463.0619049,60,-608.1433868,0,-1,0,0;
custom,cuboid,stone2,6,1,18,1,1,1,1,0.6,1.8,-343.0619049,60,-698.1433868,0,-0.7071068,0,-0.7071068;
custom,cuboid,stone2,6,1,24,1,1,1,1,0.6,2.4,-223.0619812,60,-548.1433868,0,-1,0,0;
custom,cuboid,stone2,6,1,12,1,1,1,1,0.6,1.2,-133.0619812,60,-398.1433868,0,-0.7071068,0,-0.7071068;
custom,cuboid,stone2,6,1,18,1,1,1,1,0.6,1.8,-43.0619812,60,-278.1433678,0,-1,0,0;
custom,cuboid,stone2,6,1,12,1,1,1,1,0.6,1.2,46.9379997,60,-158.1433487,0,-0.7071068,0,-0.7071068;
custom,cuboid,stone2,6,1,54,1,1,1,1,0.6,5.4,136.9380283,60,-458.1433487,0,-1,0,0;
custom,cuboid,stone2,6,1,6,1,1,1,1,0.6,0.6,76.9380569,60,-758.1433105,0,-1,0,0;
custom,cuboid,stone2,6,1,18,1,1,1,1,0.6,1.8,16.9380569,60,-638.1433868,0,-1,0,0;
custom,cuboid,stone2,6,1,24,1,1,1,1,0.6,2.4,-103.0619812,60,-668.1433868,0,-1,0,0;
custom,cuboid,stone2,6,1,6,1,1,1,1,0.6,0.6,-43.0619812,60,-518.1433868,0,-1,0,0;
custom,cuboid,stone2,6,1,6,1,1,1,1,0.6,0.6,-163.0619431,60,-818.1434631,0,-1,0,0;
custom,cuboid,stone2,6,1,42,1,1,1,1,0.6,4.2,-403.0619049,60,-878.1434631,0,-0.7071068,0,-0.7071068;
custom,cuboid,stone2,6,1,12,1,1,1,1,0.6,1.2,-643.0620575,60,-788.1433868,0,-1,0,0;
custom,cuboid,stone2,6,1,42,1,1,1,1,0.6,4.2,-883.0620575,60,-698.1433868,0,-0.7071068,0,-0.7071068;
custom,cuboid,stone2,6,1,24,1,1,1,1,0.6,2.4,-1123.0618286,60,-848.1434631,0,-1,0,0;
custom,cuboid,stone2,6,1,54,1,1,1,1,0.6,5.4,-823.0618286,60,-998.1434631,0,-0.7071068,0,-0.7071068;
custom,cuboid,stone2,6,1,18,1,1,1,1,0.6,1.8,-523.0618286,60,-1118.1434631,0,-1,0,0;
custom,cuboid,stone2,6,1,36,1,1,1,1,0.6,3.6,-313.0618286,60,-1238.1434631,0,-0.7071068,0,-0.7071068;
custom,cuboid,stone2,6,1,18,1,1,1,1,0.6,1.8,-103.0618286,60,-1118.1433105,0,-1,0,0;
custom,cuboid,stone2,6,1,48,1,1,1,1,0.6,4.8,166.9381523,60,-998.1433105,0,-0.7071068,0,-0.7071068;
custom,cuboid,stone2,6,1,6,1,1,1,1,0.6,0.6,436.9381714,60,-1058.1433868,0,-0.7071068,0,-0.7071068;
custom,cuboid,stone2,6,1,30,1,1,1,1,0.6,3,616.9381714,60,-1118.1432343,0,-0.7071068,0,-0.7071068;
custom,cuboid,stone2,6,1,24,1,1,1,1,0.6,2.4,796.9381714,60,-968.1433105,0,-1,0,0;
custom,cuboid,stone2,6,1,24,1,1,1,1,0.6,2.4,946.9381714,60,-818.1433105,0,-0.7071068,0,-0.7071068;
custom,cuboid,stone2,6,1,54,1,1,1,1,0.6,5.4,1096.9381714,60,-518.1433105,0,-1,0,0;
custom,cuboid,stone2,6,1,54,1,1,1,1,0.6,5.4,1396.9381714,60,-218.1433105,0,-0.7071068,0,-0.7071068;
custom,cuboid,stone2,6,1,48,1,1,1,1,0.6,4.8,1696.9381714,60,-488.1433105,0,-1,0,0;
custom,cuboid,stone2,6,1,42,1,1,1,1,0.6,4.2,1456.9381714,60,-758.1433105,0,-0.7071068,0,-0.7071068;
custom,cuboid,stone2,6,1,36,1,1,1,1,0.6,3.6,1216.9381714,60,-548.1433105,0,-1,0,0;
custom,cuboid,stone2,6,1,30,1,1,1,1,0.6,3,1396.9381714,60,-338.1433105,0,-0.7071068,0,-0.7071068;
custom,cuboid,stone2,6,1,24,1,1,1,1,0.6,2.4,1576.9381714,60,-488.1433105,0,-1,0,0;
custom,cuboid,stone2,6,1,18,1,1,1,1,0.6,1.8,1456.9378662,60,-638.1433105,0,-0.7071068,0,-0.7071068;
custom,cuboid,stone2,6,1,12,1,1,1,1,0.6,1.2,1336.9381714,60,-548.1433105,0,-1,0,0;
custom,cuboid,stone2,6,1,6,1,1,1,1,0.6,0.6,1396.9381714,60,-458.1433105,0,-0.7071068,0,-0.7071068;
custom,cuboid,stone2,6,1,6,1,1,1,1,0.6,0.6,1096.9381714,60,-818.1433105,0,-0.7071068,0,-0.7071068;
custom,cuboid,stone2,6,1,6,1,1,1,1,0.6,0.6,1216.9381714,60,-758.1433105,0,-0.7071068,0,-0.7071068;
custom,cuboid,stone2,6,1,6,1,1,1,1,0.6,0.6,1216.9381714,60,-338.1433105,0,-0.7071068,0,-0.7071068;
custom,cuboid,stone2,6,1,6,1,1,1,1,0.6,0.6,1576.9381714,60,-338.1433105,0,-0.7071068,0,-0.7071068;
custom,cuboid,stone2,6,1,6,1,1,1,1,0.6,0.6,1156.9381714,60,-98.1432343,0,-0.7071068,0,-0.7071068;
custom,cuboid,stone2,6,1,6,1,1,1,1,0.6,0.6,1696.9381714,60,-218.1433296,0,-0.7071068,0,-0.7071068;
custom,cuboid,stone2,6,1,6,1,1,1,1,0.6,0.6,1696.9381714,60,-758.1433105,0,-0.7071068,0,-0.7071068;
custom,cuboid,stone2,6,1,6,1,1,1,1,0.6,0.6,856.9381714,60,-338.1432343,0,-0.7071068,0,-0.7071068;
custom,cuboid,stone2,6,1,6,1,1,1,1,0.6,0.6,1096.9381714,60,-218.1433105,0,-0.7071068,0,-0.7071068;
custom,cuboid,stone2,6,1,6,1,1,1,1,0.6,0.6,736.9380951,60,-338.1432724,0,-0.7071068,0,-0.7071068;
custom,cuboid,stone2,6,1,6,1,1,1,1,0.6,0.6,736.9381714,60,-698.1433105,0,-0.7071068,0,-0.7071068;
custom,cuboid,stone2,6,1,6,1,1,1,1,0.6,0.6,556.9381714,60,-698.1433105,0,-0.7071068,0,-0.7071068;
custom,cuboid,stone2,6,1,6,1,1,1,1,0.6,0.6,556.9380188,60,-98.1432724,0,-0.7071068,0,-0.7071068;
custom,cuboid,stone2,6,1,6,1,1,1,1,0.6,0.6,1156.9380188,60,201.8567657,0,-0.7071068,0,-0.7071068;
custom,cuboid,stone2,6,1,6,1,1,1,1,0.6,0.6,856.9381714,60,-98.1432343,0,-0.7071068,0,-0.7071068;
custom,cuboid,stone2,6,1,6,1,1,1,1,0.6,0.6,556.9380188,60,201.8566895,0,-0.7071068,0,-0.7071068;
custom,cuboid,stone2,6,1,6,1,1,1,1,0.6,0.6,436.9380188,60,261.8566895,0,-0.7071068,0,-0.7071068;
custom,cuboid,stone2,6,1,6,1,1,1,1,0.6,0.6,556.9380188,60,501.8566895,0,-0.7071068,0,-0.7071068;
custom,cuboid,stone2,6,1,6,1,1,1,1,0.6,0.6,136.9380188,60,501.8566895,0,-0.7071068,0,-0.7071068;
custom,cuboid,stone2,6,1,6,1,1,1,1,0.6,0.6,136.9380379,60,261.8566895,0,-0.7071068,0,-0.7071068;
custom,cuboid,stone2,6,1,6,1,1,1,1,0.6,0.6,436.9380569,60,21.8566895,0,-0.7071068,0,-0.7071068;
custom,cuboid,stone2,6,1,6,1,1,1,1,0.6,0.6,-163.0619431,60,21.8566895,0,-0.7071068,0,-0.7071068;
custom,cuboid,stone2,6,1,6,1,1,1,1,0.6,0.6,-163.0619812,60,621.8566895,0,-0.7071068,0,-0.7071068;
custom,cuboid,stone2,6,1,6,1,1,1,1,0.6,0.6,-703.0619812,60,201.8566132,0,-0.7071068,0,-0.7071068;
custom,cuboid,stone2,6,1,6,1,1,1,1,0.6,0.6,-583.0618286,60,81.8566132,0,-0.7071068,0,-0.7071068;
custom,cuboid,stone2,6,1,6,1,1,1,1,0.6,0.6,-283.0619812,60,81.8566895,0,-0.7071068,0,-0.7071068;
custom,cuboid,stone2,6,1,6,1,1,1,1,0.6,0.6,-283.0619049,60,-218.1433487,0,-0.7071068,0,-0.7071068;
custom,cuboid,stone2,6,1,6,1,1,1,1,0.6,0.6,-463.0619049,60,-218.1433487,0,-0.7071068,0,-0.7071068;
custom,cuboid,stone2,6,1,6,1,1,1,1,0.6,0.6,-463.0619049,60,-398.1433868,0,-0.7071068,0,-0.7071068;
custom,cuboid,stone2,6,1,6,1,1,1,1,0.6,0.6,-463.0619812,60,-518.1433868,0,-0.7071068,0,-0.7071068;
custom,cuboid,stone2,6,1,6,1,1,1,1,0.6,0.6,-463.0619049,60,-698.1433105,0,-0.7071068,0,-0.7071068;
custom,cuboid,stone2,6,1,6,1,1,1,1,0.6,0.6,-223.0619049,60,-698.1433868,0,-0.7071068,0,-0.7071068;
custom,cuboid,stone2,6,1,6,1,1,1,1,0.6,0.6,16.9380569,60,-758.1433105,0,-0.7071068,0,-0.7071068;
custom,cuboid,stone2,6,1,6,1,1,1,1,0.6,0.6,136.9380569,60,-758.1433105,0,-0.7071068,0,-0.7071068;
custom,cuboid,stone2,6,1,6,1,1,1,1,0.6,0.6,256.938076,60,-98.1432724,0,-0.7071068,0,-0.7071068;
custom,cuboid,stone2,6,1,6,1,1,1,1,0.6,0.6,136.9379997,60,-158.1433487,0,-0.7071068,0,-0.7071068;
custom,cuboid,stone2,6,1,6,1,1,1,1,0.6,0.6,-43.0619812,60,-158.1433487,0,-0.7071068,0,-0.7071068;
custom,cuboid,stone2,6,1,6,1,1,1,1,0.6,0.6,-43.0619812,60,-398.1433487,0,-0.7071068,0,-0.7071068;
custom,cuboid,stone2,6,1,6,1,1,1,1,0.6,0.6,-223.0619812,60,-398.1433868,0,-0.7071068,0,-0.7071068;
custom,cuboid,stone2,6,1,6,1,1,1,1,0.6,0.6,16.9380379,60,-518.1433868,0,-0.7071068,0,-0.7071068;
custom,cuboid,stone2,6,1,6,1,1,1,1,0.6,0.6,-103.0619812,60,-518.1433868,0,-0.7071068,0,-0.7071068;
custom,cuboid,stone2,6,1,6,1,1,1,1,0.6,0.6,-103.0619431,60,-818.1434631,0,-0.7071068,0,-0.7071068;
custom,cuboid,stone2,6,1,6,1,1,1,1,0.6,0.6,-163.0619431,60,-878.1434631,0,-0.7071068,0,-0.7071068;
custom,cuboid,stone2,6,1,6,1,1,1,1,0.6,0.6,-523.0618286,60,-998.1434631,0,-0.7071068,0,-0.7071068;
custom,cuboid,stone2,6,1,6,1,1,1,1,0.6,0.6,-643.0620575,60,-878.1433868,0,-0.7071068,0,-0.7071068;
custom,cuboid,stone2,6,1,6,1,1,1,1,0.6,0.6,-643.0620575,60,-698.1433868,0,-0.7071068,0,-0.7071068;
custom,cuboid,stone2,6,1,6,1,1,1,1,0.6,0.6,-1123.0618286,60,-698.1434631,0,-0.7071068,0,-0.7071068;
custom,cuboid,stone2,6,1,6,1,1,1,1,0.6,0.6,-1123.0618286,60,-998.1433105,0,-0.7071068,0,-0.7071068;
custom,cuboid,stone2,6,1,6,1,1,1,1,0.6,0.6,-1063.0618286,60,-518.1433868,0,-0.7071068,0,-0.7071068;
custom,cuboid,stone2,6,1,6,1,1,1,1,0.6,0.6,-1063.0618286,60,-398.1433868,0,-0.7071068,0,-0.7071068;
custom,cuboid,stone2,6,1,6,1,1,1,1,0.6,0.6,-1003.0618286,60,-158.1433868,0,-0.7071068,0,-0.7071068;
custom,cuboid,stone2,6,1,6,1,1,1,1,0.6,0.6,-1003.0619812,60,141.8565369,0,-0.7071068,0,-0.7071068;
custom,cuboid,stone2,6,1,6,1,1,1,1,0.6,0.6,-583.0618286,60,-158.1433868,0,-0.7071068,0,-0.7071068;
custom,cuboid,stone2,6,1,6,1,1,1,1,0.6,0.6,-463.0619812,60,621.8566895,0,-0.7071068,0,-0.7071068;
custom,cuboid,stone2,6,1,6,1,1,1,1,0.6,0.6,-703.0619812,60,141.8566132,0,-0.7071068,0,-0.7071068;
custom,cuboid,stone2,6,1,12,1,1,1,1,0.6,1.2,-493.0619812,60,201.8566895,0,-0.7071068,0,-0.7071068;
custom,cuboid,stone2,6,1,12,1,1,1,1,0.6,1.2,-613.0619812,60,201.8566132,0,-0.7071068,0,-0.7071068;
custom,cuboid,stone2,6,1,12,1,1,1,1,0.6,1.2,-553.0619812,60,621.8566895,0,-0.7071068,0,-0.7071068;
custom,cuboid,stone2,6,1,12,1,1,1,1,0.6,1.2,-673.0619812,60,621.8566895,0,-0.7071068,0,-0.7071068;
custom,cuboid,stone2,6,1,6,1,1,1,1,0.6,0.6,796.9381714,60,-818.1433105,0,-0.7071068,0,-0.7071068;
custom,cuboid,stone2,6,1,6,1,1,1,1,0.6,0.6,796.9381714,60,-1118.1432343,0,-0.7071068,0,-0.7071068;
custom,cuboid,stone2,6,1,6,1,1,1,1,0.6,0.6,1576.9381714,60,-638.1433105,0,-0.7071068,0,-0.7071068;
custom,cuboid,stone2,6,1,6,1,1,1,1,0.6,0.6,436.9381714,60,-998.1433868,0,-0.7071068,0,-0.7071068;
custom,cuboid,stone2,6,1,6,1,1,1,1,0.6,0.6,1336.9381714,60,-638.1433105,0,-0.7071068,0,-0.7071068;
custom,cuboid,stone2,6,1,6,1,1,1,1,0.6,0.6,-523.0618286,60,-1238.1434631,0,-0.7071068,0,-0.7071068;
custom,cuboid,stone2,6,1,6,1,1,1,1,0.6,0.6,1336.9381714,60,-458.1433105,0,-0.7071068,0,-0.7071068;
custom,cuboid,stone2,6,1,6,1,1,1,1,0.6,0.6,436.9381714,60,-1118.1433868,0,-0.7071068,0,-0.7071068;
custom,cuboid,stone2,6,1,6,1,1,1,1,0.6,0.6,-103.0618286,60,-998.1433105,0,-0.7071068,0,-0.7071068;
custom,cuboid,stone2,6,1,6,1,1,1,1,0.6,0.6,-103.0618286,60,-1238.1433105,0,-0.7071068,0,-0.7071068;
custom,cuboid,transparent0.4,1,7,7,1,0.5,0.85,1,1,1,-103.0618286,30,-1268.1433105,0,-0.7071068,0,-0.7071068;
custom,cuboid,transparent0.4,7,7,1,1,0.5,0.85,1,1,1,-73.0618286,30,-1238.1433105,0,-0.7071068,0,-0.7071068;
custom,cuboid,transparent0.4,7,7,1,1,0.5,0.85,1,1,1,286.9380951,30,-698.1433105,0,-0.7071068,0,-0.7071068;
custom,cuboid,transparent0.4,7,7,1,1,0.5,0.85,1,1,1,226.9380951,30,-698.1433105,0,-0.7071068,0,-0.7071068;
custom,cuboid,transparent0.4,1,7,7,1,0.5,0.85,1,1,1,256.9380951,30,-728.1433105,0,-0.7071068,0,-0.7071068;
custom,cuboid,transparent0.4,55,7,1.0000057,1,0.5,0.85,1,1,1,286.9380951,30,-398.1431961,0,-0.7071068,0,-0.7071068;
custom,cuboid,transparent0.4,55,7,1.0000057,1,0.5,0.85,1,1,1,226.9380951,30,-398.1431961,0,-0.7071068,0,-0.7071068;
custom,cuboid,transparent0.4,1,7,25,1,0.5,0.85,1,1,1,406.9380188,30,-68.1432724,0,-0.7071068,0,-0.7071068;
custom,cuboid,transparent0.4,1,7,25,1,0.5,0.85,1,1,1,406.9380188,30,-128.1432724,0,-0.7071068,0,-0.7071068;
custom,cuboid,transparent0.4,55,7,1,1,0.5,0.85,1,1,1,586.9380188,30,-398.1432343,0,-0.7071068,0,-0.7071068;
custom,cuboid,transparent0.4,55,7,1,1,0.5,0.85,1,1,1,526.9380569,30,-398.1432343,0,-0.7071068,0,-0.7071068;
custom,cuboid,transparent0.4,1,7,13,1,0.5,0.85,1,1,1,646.9381714,30,-668.1432343,0,-0.7071068,0,-0.7071068;
custom,cuboid,transparent0.4,1,7,13,1,0.5,0.85,1,1,1,646.9381714,30,-728.143158,0,-0.7071068,0,-0.7071068;
custom,cuboid,transparent0.4,31,7,1,1,0.5,0.85,1,1,1,766.9380951,30,-518.1432343,0,-0.7071068,0,-0.7071068;
custom,cuboid,transparent0.4,31,7,1,1,0.5,0.85,1,1,1,706.9380951,30,-518.1432343,0,-0.7071068,0,-0.7071068;
custom,cuboid,transparent0.4,1,7,7,1,0.5,0.85,1,1,1,796.9381714,30,-308.1432152,0,-0.7071068,0,-0.7071068;
custom,cuboid,transparent0.4,1,7,7,1,0.5,0.85,1,1,1,796.9381714,30,-368.1431961,0,-0.7071068,0,-0.7071068;
custom,cuboid,transparent0.4,19,7,1,1,0.5,0.85,1,1,1,886.9379425,30,-218.1431198,0,-0.7071068,0,-0.7071068;
custom,cuboid,transparent0.4,19,7,1,1,0.5,0.85,1,1,1,826.9379425,30,-218.1431389,0,-0.7071068,0,-0.7071068;
custom,cuboid,transparent0.4,1,7,25,1,0.5,0.85,1,1,1,1006.9379425,30,-68.1431198,0,-0.7071068,0,-0.7071068;
custom,cuboid,transparent0.4,1,7,25,1,0.5,0.85,1,1,1,1006.9379425,30,-128.1431198,0,-0.7071068,0,-0.7071068;
custom,cuboid,transparent0.4,25,7,1,1,0.5,0.85,1,1,1,1186.9381714,30,51.8569183,0,-0.7071068,0,-0.7071068;
custom,cuboid,transparent0.4,25,7,1,1,0.5,0.85,1,1,1,1126.9379425,30,51.8569183,0,-0.7071068,0,-0.7071068;
custom,cuboid,transparent0.4,1,7,55,1,0.5,0.85,1,1,1,856.9379425,30,231.8570709,0,-0.7071068,0,-0.7071068;
custom,cuboid,transparent0.4,1,7,55,1,0.5,0.85,1,1,1,856.9379425,30,171.8570709,0,-0.7071068,0,-0.7071068;
custom,cuboid,transparent0.4,25,7,1,1,0.5,0.85,1,1,1,586.9380188,30,351.856842,0,-0.7071068,0,-0.7071068;
custom,cuboid,transparent0.4,25,7,1,1,0.5,0.85,1,1,1,526.9380188,30,351.856842,0,-0.7071068,0,-0.7071068;
custom,cuboid,transparent0.4,1,7,37.0000038,1,0.5,0.85,1,1,1,346.9380569,30,531.856842,0,-0.7071068,0,-0.7071068;
custom,cuboid,transparent0.4,1,7,37.0000038,1,0.5,0.85,1,1,1,346.9380188,30,471.856842,0,-0.7071068,0,-0.7071068;
custom,cuboid,transparent0.4,19,7,1,1,0.5,0.85,1,1,1,166.9379997,30,381.856842,0,-0.7071068,0,-0.7071068;
custom,cuboid,transparent0.4,19,7,1,1,0.5,0.85,1,1,1,106.9379902,30,381.856842,0,-0.7071068,0,-0.7071068;
custom,cuboid,transparent0.4,1,7,25.0000038,1,0.5,0.85,1,1,1,286.9380379,30,291.856842,0,-0.7071068,0,-0.7071068;
custom,cuboid,transparent0.4,1,7,25.0000038,1,0.5,0.85,1,1,1,286.9380569,30,231.856842,0,-0.7071068,0,-0.7071068;
custom,cuboid,transparent0.4,19,7,1,1,0.5,0.85,1,1,1,466.9380188,30,141.856842,0,-0.7071068,0,-0.7071068;
custom,cuboid,transparent0.4,19,7,1,1,0.5,0.85,1,1,1,406.9380569,30,141.856842,0,-0.7071068,0,-0.7071068;
custom,cuboid,transparent0.4,1,7,55,1,0.5,0.85,1,1,1,136.9380379,30,51.856842,0,-0.7071068,0,-0.7071068;
custom,cuboid,transparent0.4,1,7,55,1,0.5,0.85,1,1,1,136.9380474,30,-8.143158,0,-0.7071068,0,-0.7071068;
custom,cuboid,transparent0.4,55,7,1.0000043,1,0.5,0.85,1,1,1,-133.0620193,30,321.856842,0,-0.7071068,0,-0.7071068;
custom,cuboid,transparent0.4,55,7,1.0000043,1,0.5,0.85,1,1,1,-193.0620193,30,321.856842,0,-0.7071068,0,-0.7071068;
custom,cuboid,transparent0.4,1,7,25,1,0.5,0.85,1,1,1,-313.0620193,30,651.856842,0,-0.7071068,0,-0.7071068;
custom,cuboid,transparent0.4,1,7,25,1,0.5,0.85,1,1,1,-313.0620193,30,591.856842,0,-0.7071068,0,-0.7071068;
custom,cuboid,transparent0.4,37,3.3999999,1,1,0.5,0.85,1,1,1,-493.0619812,30,411.856842,0,-0.7071068,0,-0.7071068;
custom,cuboid,transparent0.4,37,3.3999999,1,1,0.5,0.85,1,1,1,-553.0619812,30,411.8566895,0,-0.7071068,0,-0.7071068;
custom,cuboid,transparent0.4,37,3.3999999,1,1,0.5,0.85,1,1,1,-613.0619812,30,411.8566895,0,-0.7071068,0,-0.7071068;
custom,cuboid,transparent0.4,37,3.3999999,1,1,0.5,0.85,1,1,1,-673.0619812,30,411.8566895,0,-0.7071068,0,-0.7071068;
custom,cuboid,transparent0.4,1,7,25,1,0.5,0.85,1,1,1,-853.0620575,30,171.8566132,0,-0.7071068,0,-0.7071068;
custom,cuboid,transparent0.4,1,7,25,1,0.5,0.85,1,1,1,-853.0620575,30,111.8566132,0,-0.7071068,0,-0.7071068;
custom,cuboid,transparent0.4,25,7,1,1,0.5,0.85,1,1,1,-973.0618286,30,-8.1434631,0,-0.7071068,0,-0.7071068;
custom,cuboid,transparent0.4,25,7,1,1,0.5,0.85,1,1,1,-1033.0618286,30,-8.1434631,0,-0.7071068,0,-0.7071068;
custom,cuboid,transparent0.4,1,7,37,1,0.5,0.85,1,1,1,-793.0618286,30,-128.1433487,0,-0.7071068,0,-0.7071068;
custom,cuboid,transparent0.4,1,7,37,1,0.5,0.85,1,1,1,-793.0618286,30,-188.1433487,0,-0.7071068,0,-0.7071068;
custom,cuboid,transparent0.4,19,7,1,1,0.5,0.85,1,1,1,-553.0618286,30,-38.1433868,0,-0.7071068,0,-0.7071068;
custom,cuboid,transparent0.4,19,7,1,1,0.5,0.85,1,1,1,-613.0618286,30,-38.1433868,0,-0.7071068,0,-0.7071068;
custom,cuboid,transparent0.4,1,7,25,1,0.5,0.85,1,1,1,-433.0619812,30,111.8566895,0,-0.7071068,0,-0.7071068;
custom,cuboid,transparent0.4,1,7,25,1,0.5,0.85,1,1,1,-433.0619812,30,51.8566895,0,-0.7071068,0,-0.7071068;
custom,cuboid,transparent0.4,25,7,1.0000029,1,0.5,0.85,1,1,1,-253.0619431,30,-68.1433868,0,-0.7071068,0,-0.7071068;
custom,cuboid,transparent0.4,25,7,1.0000029,1,0.5,0.85,1,1,1,-313.0619812,30,-68.1433868,0,-0.7071068,0,-0.7071068;
custom,cuboid,transparent0.4,1,7,13,1,0.5,0.85,1,1,1,-373.0619431,30,-188.1433868,0,-0.7071068,0,-0.7071068;
custom,cuboid,transparent0.4,1,7,13,1,0.5,0.85,1,1,1,-373.0619431,30,-248.1433868,0,-0.7071068,0,-0.7071068;
custom,cuboid,transparent0.4,12.9999943,7,1,1,0.5,0.85,1,1,1,-433.0619049,30,-308.1433868,0,-0.7071068,0,-0.7071068;
custom,cuboid,transparent0.4,12.9999943,7,1,1,0.5,0.85,1,1,1,-493.0619049,30,-308.1434059,0,-0.7071068,0,-0.7071068;
custom,cuboid,transparent0.4,1,7,55,1,0.5,0.85,1,1,1,-763.0618286,30,-368.1433487,0,-0.7071068,0,-0.7071068;
custom,cuboid,transparent0.4,1,7,55,1,0.5,0.85,1,1,1,-763.0618286,30,-428.1433487,0,-0.7071068,0,-0.7071068;
custom,cuboid,transparent0.4,7,7,1,1,0.5,0.85,1,1,1,-1093.0618286,30,-458.1433105,0,-0.7071068,0,-0.7071068;
custom,cuboid,transparent0.4,7,7,1,1,0.5,0.85,1,1,1,-1033.0618286,30,-458.1433105,0,-0.7071068,0,-0.7071068;
custom,cuboid,transparent0.4,1,7,55,1,0.5,0.85,1,1,1,-763.0620575,30,-488.1432724,0,-0.7071068,0,-0.7071068;
custom,cuboid,transparent0.4,1,7,55,1,0.5,0.85,1,1,1,-763.0620575,30,-548.1432724,0,-0.7071068,0,-0.7071068;
custom,cuboid,transparent0.4,13,7,1,1,0.5,0.85,1,1,1,-433.0619812,30,-608.1433105,0,-0.7071068,0,-0.7071068;
custom,cuboid,transparent0.4,13,7,1,1,0.5,0.85,1,1,1,-493.0619812,30,-608.1433105,0,-0.7071068,0,-0.7071068;
custom,cuboid,transparent0.4,1,7,54.9999924,1,0.5,0.85,1,1,1,-823.0618286,30,-968.1433868,0,-0.7071068,0,-0.7071068;
custom,cuboid,transparent0.4,1,7,54.9999924,1,0.5,0.85,1,1,1,-823.0618286,30,-1028.1433105,0,-0.7071068,0,-0.7071068;
custom,cuboid,transparent0.4,19,7,1,1,0.5,0.85,1,1,1,-493.0618286,30,-1118.1433105,0,-0.7071068,0,-0.7071068;
custom,cuboid,transparent0.4,19,7,1,1,0.5,0.85,1,1,1,-553.0618286,30,-1118.1433105,0,-0.7071068,0,-0.7071068;
custom,cuboid,transparent0.4,1,7,37,1,0.5,0.85,1,1,1,-313.0618286,30,-1208.1434631,0,-0.7071068,0,-0.7071068;
custom,cuboid,transparent0.4,1,7,37,1,0.5,0.85,1,1,1,-313.0618286,30,-1268.1434631,0,-0.7071068,0,-0.7071068;
custom,cuboid,transparent0.4,19,7,1.0000014,1,0.5,0.85,1,1,1,-73.0618286,30,-1118.1433105,0,-0.7071068,0,-0.7071068;
custom,cuboid,transparent0.4,19,7,1.0000014,1,0.5,0.85,1,1,1,-133.0618286,30,-1118.1433105,0,-0.7071068,0,-0.7071068;
custom,cuboid,transparent0.4,1,7,49,1,0.5,0.85,1,1,1,166.9381714,30,-968.1433105,0,-0.7071068,0,-0.7071068;
custom,cuboid,transparent0.4,1,7,49,1,0.5,0.85,1,1,1,166.9381714,30,-1028.1433105,0,-0.7071068,0,-0.7071068;
custom,cuboid,transparent0.4,7,7,1,1,0.5,0.85,1,1,1,406.9381714,30,-1058.1433105,0,-0.7071068,0,-0.7071068;
custom,cuboid,transparent0.4,7,7,1,1,0.5,0.85,1,1,1,466.9381714,30,-1058.1433105,0,-0.7071068,0,-0.7071068;
custom,cuboid,transparent0.4,1,7,31,1,0.5,0.85,1,1,1,616.9381714,30,-1088.1433105,0,-0.7071068,0,-0.7071068;
custom,cuboid,transparent0.4,1,7,31,1,0.5,0.85,1,1,1,616.9381714,30,-1148.1433105,0,-0.7071068,0,-0.7071068;
custom,cuboid,transparent0.4,25,7,1,1,0.5,0.85,1,1,1,826.9379425,30,-968.1433105,0,-0.7071068,0,-0.7071068;
custom,cuboid,transparent0.4,25,7,1,1,0.5,0.85,1,1,1,766.9380188,30,-968.1433105,0,-0.7071068,0,-0.7071068;
custom,cuboid,transparent0.4,1,7,25,1,0.5,0.85,1,1,1,946.9381714,30,-788.1433105,0,-0.7071068,0,-0.7071068;
custom,cuboid,transparent0.4,1,7,25,1,0.5,0.85,1,1,1,946.9381714,30,-848.1433105,0,-0.7071068,0,-0.7071068;
custom,cuboid,transparent0.4,1,7,7,1,0.5,0.85,1,1,1,1396.9381714,30,-428.143158,0,-0.7071068,0,-0.7071068;
custom,cuboid,transparent0.4,1,7,7,1,0.5,0.85,1,1,1,1396.9381714,30,-488.143158,0,-0.7071068,0,-0.7071068;
custom,cuboid,transparent0.4,7,7,1,1,0.5,0.85,1,1,1,1426.9381714,30,-458.1432343,0,-0.7071068,0,-0.7071068;
custom,cuboid,transparent0.4,1,7,7,1,0.5,0.85,1,1,1,1096.9381714,30,-848.1433105,0,-0.7071068,0,-0.7071068;
custom,cuboid,transparent0.4,7,7,1,1,0.5,0.85,1,1,1,1126.9381714,30,-818.1433105,0,-0.7071068,0,-0.7071068;
custom,cuboid,transparent0.4,7,7,1,1,0.5,0.85,1,1,1,1186.9381714,30,-758.1433105,0,-0.7071068,0,-0.7071068;
custom,cuboid,transparent0.4,1,7,7,1,0.5,0.85,1,1,1,1156.9379425,30,-128.1431198,0,-0.7071068,0,-0.7071068;
custom,cuboid,transparent0.4,7,7,1,1,0.5,0.85,1,1,1,1186.9381714,30,-98.1431198,0,-0.7071068,0,-0.7071068;
custom,cuboid,transparent0.4,1,7,7.0000057,1,0.5,0.85,1,1,1,856.9380951,30,-368.1431961,0,-0.7071068,0,-0.7071068;
custom,cuboid,transparent0.4,7,7,1,1,0.5,0.85,1,1,1,886.9380951,30,-338.1431961,0,-0.7071068,0,-0.7071068;
custom,cuboid,transparent0.4,7,7,1,1,0.5,0.85,1,1,1,706.9380188,30,-338.1432343,0,-0.7071068,0,-0.7071068;
custom,cuboid,transparent0.4,1,7,7,1,0.5,0.85,1,1,1,736.9380188,30,-308.1432152,0,-0.7071068,0,-0.7071068;
custom,cuboid,transparent0.4,1,7,7,1,0.5,0.85,1,1,1,736.9381714,30,-728.143158,0,-0.7071068,0,-0.7071068;
custom,cuboid,transparent0.4,7,7,1,1,0.5,0.85,1,1,1,766.9381714,30,-698.143158,0,-0.7071068,0,-0.7071068;
custom,cuboid,transparent0.4,7,7,1,1,0.5,0.85,1,1,1,526.9380569,30,-698.143158,0,-0.7071068,0,-0.7071068;
custom,cuboid,transparent0.4,1,7,7,1,0.5,0.85,1,1,1,556.9381714,30,-728.143158,0,-0.7071068,0,-0.7071068;
custom,cuboid,transparent0.4,1,7,7,1,0.5,0.85,1,1,1,556.9379425,30,-68.1432343,0,-0.7071068,0,-0.7071068;
custom,cuboid,transparent0.4,7,7,1,1,0.5,0.85,1,1,1,586.9379425,30,-98.1432343,0,-0.7071068,0,-0.7071068;
custom,cuboid,transparent0.4,1,7,7,1,0.5,0.85,1,1,1,1156.9379425,30,231.8569183,0,-0.7071068,0,-0.7071068;
custom,cuboid,transparent0.4,7,7,1,1,0.5,0.85,1,1,1,1186.9380188,30,201.8569183,0,-0.7071068,0,-0.7071068;
custom,cuboid,transparent0.4,7,7,1,1,0.5,0.85,1,1,1,826.9379425,30,-98.1431198,0,-0.7071068,0,-0.7071068;
custom,cuboid,transparent0.4,1,7,7,1,0.5,0.85,1,1,1,856.9379425,30,-68.1431198,0,-0.7071068,0,-0.7071068;
custom,cuboid,transparent0.4,7,7,1,1,0.5,0.85,1,1,1,526.9380188,30,201.856842,0,-0.7071068,0,-0.7071068;
custom,cuboid,transparent0.4,1,7,7,1,0.5,0.85,1,1,1,556.9379425,30,171.856842,0,-0.7071068,0,-0.7071068;
custom,cuboid,transparent0.4,1,7,7,1,0.5,0.85,1,1,1,436.9380188,30,291.856842,0,-0.7071068,0,-0.7071068;
custom,cuboid,transparent0.4,7,7,1,1,0.5,0.85,1,1,1,466.9380188,30,261.856842,0,-0.7071068,0,-0.7071068;
custom,cuboid,transparent0.4,1,7,7,1,0.5,0.85,1,1,1,556.9380188,30,531.856842,0,-0.7071068,0,-0.7071068;
custom,cuboid,transparent0.4,7,7,1,1,0.5,0.85,1,1,1,586.9380188,30,501.856842,0,-0.7071068,0,-0.7071068;
custom,cuboid,transparent0.4,7,7,1,1,0.5,0.85,1,1,1,106.9379997,30,501.856842,0,-0.7071068,0,-0.7071068;
custom,cuboid,transparent0.4,1,7,7,1,0.5,0.85,1,1,1,136.9379997,30,531.856842,0,-0.7071068,0,-0.7071068;
custom,cuboid,transparent0.4,7,7,1,1,0.5,0.85,1,1,1,106.9380188,30,261.856842,0,-0.7071068,0,-0.7071068;
custom,cuboid,transparent0.4,1,7,7.0000014,1,0.5,0.85,1,1,1,136.9380474,30,231.856842,0,-0.7071068,0,-0.7071068;
custom,cuboid,transparent0.4,1,7,7,1,0.5,0.85,1,1,1,436.9380188,30,-8.1433105,0,-0.7071068,0,-0.7071068;
custom,cuboid,transparent0.4,7,7,1,1,0.5,0.85,1,1,1,466.9380569,30,21.8566895,0,-0.7071068,0,-0.7071068;
custom,cuboid,transparent0.4,7,7,1,1,0.5,0.85,1,1,1,-193.0619812,30,21.8566895,0,-0.7071068,0,-0.7071068;
custom,cuboid,transparent0.4,1,7,7,1,0.5,0.85,1,1,1,-163.0619812,30,-8.1433105,0,-0.7071068,0,-0.7071068;
custom,cuboid,transparent0.4,1,7,7,1,0.5,0.85,1,1,1,-163.0619812,30,651.856842,0,-0.7071068,0,-0.7071068;
custom,cuboid,transparent0.4,7,7,1,1,0.5,0.85,1,1,1,-133.0619812,30,621.856842,0,-0.7071068,0,-0.7071068;
custom,cuboid,transparent0.4,7,7,1,1,0.5,0.85,1,1,1,-733.0619812,30,201.8566132,0,-0.7071068,0,-0.7071068;
custom,cuboid,transparent0.4,7,7,1,1,0.5,0.85,1,1,1,-673.0619812,30,201.8566132,0,-0.7071068,0,-0.7071068;
custom,cuboid,transparent0.4,7,7,1,1,0.5,0.85,1,1,1,-613.0618286,30,81.8566132,0,-0.7071068,0,-0.7071068;
custom,cuboid,transparent0.4,1,7,7,1,0.5,0.85,1,1,1,-583.0619812,30,111.8566132,0,-0.7071068,0,-0.7071068;
custom,cuboid,transparent0.4,1,7,7,1,0.5,0.85,1,1,1,-283.0619812,30,111.8566895,0,-0.7071068,0,-0.7071068;
custom,cuboid,transparent0.4,7,7,1,1,0.5,0.85,1,1,1,-253.0619812,30,81.8566895,0,-0.7071068,0,-0.7071068;
custom,cuboid,transparent0.4,1,7,7,1,0.5,0.85,1,1,1,-283.0619431,30,-248.1432343,0,-0.7071068,0,-0.7071068;
custom,cuboid,transparent0.4,7,7,1,1,0.5,0.85,1,1,1,-253.0619431,30,-218.1432343,0,-0.7071068,0,-0.7071068;
custom,cuboid,transparent0.4,7,7,1,1,0.5,0.85,1,1,1,-493.0619049,30,-218.1434059,0,-0.7071068,0,-0.7071068;
custom,cuboid,transparent0.4,1,7,7,1,0.5,0.85,1,1,1,-463.0619049,30,-188.143425,0,-0.7071068,0,-0.7071068;
custom,cuboid,transparent0.4,1,7,7,1,0.5,0.85,1,1,1,-463.0619049,30,-428.1433105,0,-0.7071068,0,-0.7071068;
custom,cuboid,transparent0.4,7,7,1,1,0.5,0.85,1,1,1,-433.0619049,30,-398.1433105,0,-0.7071068,0,-0.7071068;
custom,cuboid,transparent0.4,1,7,7,1,0.5,0.85,1,1,1,-463.0620575,30,-488.1433105,0,-0.7071068,0,-0.7071068;
custom,cuboid,transparent0.4,7,7,1,1,0.5,0.85,1,1,1,-433.0620575,30,-518.1433105,0,-0.7071068,0,-0.7071068;
custom,cuboid,transparent0.4,7,7,1,1,0.5,0.85,1,1,1,-493.0619812,30,-698.1433105,0,-0.7071068,0,-0.7071068;
custom,cuboid,transparent0.4,7,7,1,1,0.5,0.85,1,1,1,226.9380379,30,-98.1431198,0,-0.7071068,0,-0.7071068;
custom,cuboid,transparent0.4,1,7,7,1,0.5,0.85,1,1,1,256.9380188,30,-68.1431198,0,-0.7071068,0,-0.7071068;
custom,cuboid,transparent0.4,1,7,7,1,0.5,0.85,1,1,1,-523.0618286,30,-968.1433105,0,-0.7071068,0,-0.7071068;
custom,cuboid,transparent0.4,7,7,1,1,0.5,0.85,1,1,1,-493.0619049,30,-998.1433105,0,-0.7071068,0,-0.7071068;
custom,cuboid,transparent0.4,7,7,1,1,0.5,0.85,1,1,1,-1093.0618286,30,-518.1433868,0,-0.7071068,0,-0.7071068;
custom,cuboid,transparent0.4,1,7,7,1,0.5,0.85,1,1,1,-1063.0618286,30,-548.1433868,0,-0.7071068,0,-0.7071068;
custom,cuboid,transparent0.4,7,7,1,1,0.5,0.85,1,1,1,-1093.0618286,30,-398.1432343,0,-0.7071068,0,-0.7071068;
custom,cuboid,transparent0.4,1,7,7,1,0.5,0.85,1,1,1,-1063.0618286,30,-368.1432343,0,-0.7071068,0,-0.7071068;
custom,cuboid,transparent0.4,7,7,1,1,0.5,0.85,1,1,1,-1033.0618286,30,-158.1433487,0,-0.7071068,0,-0.7071068;
custom,cuboid,transparent0.4,1,7,7,1,0.5,0.85,1,1,1,-1003.0618286,30,-188.1433487,0,-0.7071068,0,-0.7071068;
custom,cuboid,transparent0.4,7,7,1,1,0.5,0.85,1,1,1,-1033.0619812,30,141.8565369,0,-0.7071068,0,-0.7071068;
custom,cuboid,transparent0.4,1,7,7,1,0.5,0.85,1,1,1,-1003.0620575,30,171.8565369,0,-0.7071068,0,-0.7071068;
custom,cuboid,transparent0.4,1,7,7,1,0.5,0.85,1,1,1,-583.0618286,30,-188.143425,0,-0.7071068,0,-0.7071068;
custom,cuboid,transparent0.4,7,7,1,1,0.5,0.85,1,1,1,-553.0618286,30,-158.143425,0,-0.7071068,0,-0.7071068;
custom,cuboid,transparent0.4,7,7,1,1,0.5,0.85,1,1,1,-493.0619812,30,621.856842,0,-0.7071068,0,-0.7071068;
custom,cuboid,transparent0.4,1,7,7,1,0.5,0.85,1,1,1,-703.0619812,30,111.8566132,0,-0.7071068,0,-0.7071068;
custom,cuboid,transparent0.4,7,7,1,1,0.5,0.85,1,1,1,-673.0619812,30,141.8566132,0,-0.7071068,0,-0.7071068;
custom,cuboid,transparent0.4,7,7,1,1,0.5,0.85,1,1,1,-553.0619812,30,201.8566132,0,-0.7071068,0,-0.7071068;
custom,cuboid,transparent0.4,7,7,1,1,0.5,0.85,1,1,1,-673.0619812,30,201.8566132,0,-0.7071068,0,-0.7071068;
custom,cuboid,transparent0.4,7,7,1,1,0.5,0.85,1,1,1,-553.0619812,30,201.8566132,0,-0.7071068,0,-0.7071068;
custom,cuboid,transparent0.4,7,7,1,1,0.5,0.85,1,1,1,-613.0619812,30,621.8566895,0,-0.7071068,0,-0.7071068;
custom,cuboid,transparent0.4,7,7,1,1,0.5,0.85,1,1,1,-493.0619812,30,621.8566895,0,-0.7071068,0,-0.7071068;
custom,cuboid,transparent0.4,7,7,1,1,0.5,0.85,1,1,1,-613.0619812,30,621.8566895,0,-0.7071068,0,-0.7071068;
custom,cuboid,transparent0.4,7,7,1,1,0.5,0.85,1,1,1,766.9380188,30,-818.1433105,0,-0.7071068,0,-0.7071068;
custom,cuboid,transparent0.4,1,7,7,1,0.5,0.85,1,1,1,796.9379425,30,-788.1433105,0,-0.7071068,0,-0.7071068;
custom,cuboid,transparent0.4,1,7,7,1,0.5,0.85,1,1,1,796.9381714,30,-1148.1433105,0,-0.7071068,0,-0.7071068;
custom,cuboid,transparent0.4,7,7,1,1,0.5,0.85,1,1,1,826.9381714,30,-1118.1433105,0,-0.7071068,0,-0.7071068;
custom,cuboid,transparent0.4,1,7,7,1,0.5,0.85,1,1,1,436.9381714,30,-968.1433105,0,-0.7071068,0,-0.7071068;
custom,cuboid,transparent0.4,7,7,1,1,0.5,0.85,1,1,1,466.9381714,30,-998.1433105,0,-0.7071068,0,-0.7071068;
custom,cuboid,transparent0.4,7,7,1,1,0.5,0.85,1,1,1,-553.0618286,30,-1238.1433105,0,-0.7071068,0,-0.7071068;
custom,cuboid,transparent0.4,1,7,7,1,0.5,0.85,1,1,1,-523.0618286,30,-1268.1433105,0,-0.7071068,0,-0.7071068;
custom,cuboid,transparent0.4,7,7,1,1,0.5,0.85,1,1,1,406.9381714,30,-1118.1433105,0,-0.7071068,0,-0.7071068;
custom,cuboid,transparent0.4,1,7,7,1,0.5,0.85,1,1,1,436.9381714,30,-1148.1433105,0,-0.7071068,0,-0.7071068;
custom,cuboid,transparent0.4,7,7,1,1,0.5,0.85,1,1,1,-133.0618286,30,-998.1433105,0,-0.7071068,0,-0.7071068;
custom,cuboid,transparent0.4,1,7,7,1,0.5,0.85,1,1,1,-103.0618286,30,-968.1433105,0,-0.7071068,0,-0.7071068;
racing,killcuboid,1,7,19,-343.0619812,30,-668.1433105,0,-0.7071068,0,-0.7071068;
racing,killcuboid,1,7,19,-343.0619812,30,-728.1433105,0,-0.7071068,0,-0.7071068;
racing,killcuboid,25,7,1.0000021,-193.0620193,30,-548.1433105,0,-0.7071068,0,-0.7071068;
racing,killcuboid,25,7,1.0000029,-253.0620193,30,-548.1433105,0,-0.7071068,0,-0.7071068;
racing,killcuboid,1,7,13,-133.0620193,30,-368.1433105,0,-0.7071068,0,-0.7071068;
racing,killcuboid,1,7,13,-133.0620193,30,-428.1433105,0,-0.7071068,0,-0.7071068;
racing,killcuboid,19,7,1.0000014,-13.0620003,30,-278.1433678,0,-0.7071068,0,-0.7071068;
racing,killcuboid,19,7,1.0000014,-73.0620193,30,-278.1433678,0,-0.7071068,0,-0.7071068;
racing,killcuboid,1,7,13,46.9379616,30,-128.1431961,0,-0.7071068,0,-0.7071068;
racing,killcuboid,1,7,13,46.9379807,30,-188.1431961,0,-0.7071068,0,-0.7071068;
racing,killcuboid,54.9999924,7,1.0000029,166.9379807,30,-458.1433487,0,-0.7071068,0,-0.7071068;
racing,killcuboid,54.9999924,7,1.0000029,106.9380093,30,-458.1433487,0,-0.7071068,0,-0.7071068;
racing,killcuboid,1,7,7,76.9380188,30,-728.1433105,0,-0.7071068,0,-0.7071068;
racing,killcuboid,1,7,7,76.9380188,30,-788.1433105,0,-0.7071068,0,-0.7071068;
racing,killcuboid,19,7,1,46.9380379,30,-638.1432724,0,-0.7071068,0,-0.7071068;
racing,killcuboid,19,7,1.0000014,-13.0619621,30,-638.1433105,0,-0.7071068,0,-0.7071068;
racing,killcuboid,25,7,1.000002,-73.0620193,30,-668.1433105,0,-0.7071068,0,-0.7071068;
racing,killcuboid,25,7,1.0000018,-133.0620193,30,-668.1433105,0,-0.7071068,0,-0.7071068;
racing,killcuboid,1,7,7,-43.0619812,30,-488.1433105,0,-0.7071068,0,-0.7071068;
racing,killcuboid,1,7,7,-43.0619621,30,-548.1433105,0,-0.7071068,0,-0.7071068;
racing,killcuboid,1,7,7,-163.0619812,30,-788.1433105,0,-0.7071068,0,-0.7071068;
racing,killcuboid,7,7,1,-193.0620193,30,-818.1433105,0,-0.7071068,0,-0.7071068;
racing,killcuboid,1,7,43,-403.0619812,30,-848.1433105,0,-0.7071068,0,-0.7071068;
racing,killcuboid,1,7,43,-403.0619812,30,-908.1433105,0,-0.7071068,0,-0.7071068;
racing,killcuboid,12.9999971,7,1,-613.0619812,30,-788.1433868,0,-0.7071068,0,-0.7071068;
racing,killcuboid,12.9999971,7,1,-673.0619812,30,-788.1433868,0,-0.7071068,0,-0.7071068;
racing,killcuboid,1,7,43.0000076,-883.0619812,30,-668.1433868,0,-0.7071068,0,-0.7071068;
racing,killcuboid,1,7,43.0000076,-883.0619812,30,-728.1433105,0,-0.7071068,0,-0.7071068;
racing,killcuboid,24.9999962,7,1,-1093.0618286,30,-848.1433105,0,-0.7071068,0,-0.7071068;
racing,killcuboid,24.9999962,7,1,-1153.0618286,30,-848.1433105,0,-0.7071068,0,-0.7071068;
racing,killcuboid,1,7,7,-463.0619812,30,-728.1433105,0,-0.7071068,0,-0.7071068;
racing,killcuboid,1,7,7,-223.0619812,30,-728.1433105,0,-0.7071068,0,-0.7071068;
racing,killcuboid,7,7,1,-193.0619812,30,-698.1433105,0,-0.7071068,0,-0.7071068;
racing,killcuboid,7,7,1,-13.0619812,30,-758.1433105,0,-0.7071068,0,-0.7071068;
racing,killcuboid,1,7,7,16.9380188,30,-788.1433105,0,-0.7071068,0,-0.7071068;
racing,killcuboid,1,7,7,136.9380188,30,-788.1433105,0,-0.7071068,0,-0.7071068;
racing,killcuboid,7,7,1,166.9380188,30,-758.1433105,0,-0.7071068,0,-0.7071068;
racing,killcuboid,1,7,7.0000014,136.9379807,30,-128.1431961,0,-0.7071068,0,-0.7071068;
racing,killcuboid,7,7,1,166.9379807,30,-158.1431961,0,-0.7071068,0,-0.7071068;
racing,killcuboid,7,7,1,-73.0619812,30,-158.1431961,0,-0.7071068,0,-0.7071068;
racing,killcuboid,1,7,7,-43.0619812,30,-128.1431961,0,-0.7071068,0,-0.7071068;
racing,killcuboid,1,7,7,-43.0620193,30,-428.1432724,0,-0.7071068,0,-0.7071068;
racing,killcuboid,7,7,1,-13.0620193,30,-398.1432724,0,-0.7071068,0,-0.7071068;
racing,killcuboid,7,7,1,-253.0620193,30,-398.1433105,0,-0.7071068,0,-0.7071068;
racing,killcuboid,1,7,7,-223.0620193,30,-368.1433105,0,-0.7071068,0,-0.7071068;
racing,killcuboid,1,7,7,16.9380188,30,-488.1432724,0,-0.7071068,0,-0.7071068;
racing,killcuboid,7,7,1,46.9380379,30,-518.1432724,0,-0.7071068,0,-0.7071068;
racing,killcuboid,7,7,1,-133.0619812,30,-518.1433105,0,-0.7071068,0,-0.7071068;
racing,killcuboid,1,7,7,-103.0619812,30,-488.1433105,0,-0.7071068,0,-0.7071068;
racing,killcuboid,1,7,7,-103.0619812,30,-848.1433105,0,-0.7071068,0,-0.7071068;
racing,killcuboid,7,7,1,-73.0619812,30,-818.1433105,0,-0.7071068,0,-0.7071068;
racing,killcuboid,1,7,7,-163.0619431,30,-908.1433105,0,-0.7071068,0,-0.7071068;
racing,killcuboid,7,7,1,-133.0619812,30,-878.1433105,0,-0.7071068,0,-0.7071068;
racing,killcuboid,7,7,1,-673.0619812,30,-878.1433868,0,-0.7071068,0,-0.7071068;
racing,killcuboid,1,7,7,-643.0619812,30,-908.1433868,0,-0.7071068,0,-0.7071068;
racing,killcuboid,1,7,7,-643.0619812,30,-668.1433868,0,-0.7071068,0,-0.7071068;
racing,killcuboid,7,7,1,-613.0619812,30,-698.1433868,0,-0.7071068,0,-0.7071068;
racing,killcuboid,7,7,1,-1153.0618286,30,-698.1433105,0,-0.7071068,0,-0.7071068;
racing,killcuboid,1,7,7,-1123.0618286,30,-668.1433868,0,-0.7071068,0,-0.7071068;
racing,killcuboid,7,7,1,-1153.0618286,30,-998.1433105,0,-0.7071068,0,-0.7071068;
racing,killcuboid,1,7,7,-1123.0618286,30,-1028.1433105,0,-0.7071068,0,-0.7071068;
racing,killcuboid,55,7,1,1126.9380951,30,-518.143158,0,-0.7071068,0,-0.7071068;
racing,killcuboid,55,7,1,1066.9380951,30,-518.1431961,0,-0.7071068,0,-0.7071068;
racing,killcuboid,1,7,55,1396.938324,30,-188.143158,0,-0.7071068,0,-0.7071068;
racing,killcuboid,1,7,55,1396.9381714,30,-248.143158,0,-0.7071068,0,-0.7071068;
racing,killcuboid,49,7,1,1726.9381714,30,-488.1431961,0,-0.7071068,0,-0.7071068;
racing,killcuboid,49,7,1,1666.9381714,30,-488.1432343,0,-0.7071068,0,-0.7071068;
racing,killcuboid,1,7,43,1456.9381714,30,-728.1433105,0,-0.7071068,0,-0.7071068;
racing,killcuboid,1,7,43,1456.9381714,30,-788.1433105,0,-0.7071068,0,-0.7071068;
racing,killcuboid,37,7,1,1246.9381714,30,-548.1432343,0,-0.7071068,0,-0.7071068;
racing,killcuboid,37,7,1,1186.9381714,30,-548.1432343,0,-0.7071068,0,-0.7071068;
racing,killcuboid,1,7,31,1396.9381714,30,-308.143158,0,-0.7071068,0,-0.7071068;
racing,killcuboid,1,7,31,1396.9381714,30,-368.143158,0,-0.7071068,0,-0.7071068;
racing,killcuboid,25,7,1,1606.9381714,30,-488.1432343,0,-0.7071068,0,-0.7071068;
racing,killcuboid,1,7,19,1456.9381714,30,-668.1432343,0,-0.7071068,0,-0.7071068;
racing,killcuboid,13,7,1,1366.9381714,30,-548.143158,0,-0.7071068,0,-0.7071068;
racing,killcuboid,13,7,1,1306.9381714,30,-548.143158,0,-0.7071068,0,-0.7071068;
racing,killcuboid,1,7,7,1216.9381714,30,-788.1433105,0,-0.7071068,0,-0.7071068;
racing,killcuboid,7,7,1,1186.9381714,30,-338.1431961,0,-0.7071068,0,-0.7071068;
racing,killcuboid,1,7,7,1216.9381714,30,-308.143177,0,-0.7071068,0,-0.7071068;
racing,killcuboid,1,7,7,1576.9381714,30,-308.1432152,0,-0.7071068,0,-0.7071068;
racing,killcuboid,7,7,1,1606.9381714,30,-338.1432343,0,-0.7071068,0,-0.7071068;
racing,killcuboid,1,7,7,1696.938324,30,-188.1431961,0,-0.7071068,0,-0.7071068;
racing,killcuboid,7,7,1,1726.938324,30,-218.1431961,0,-0.7071068,0,-0.7071068;
racing,killcuboid,1,7,7,1696.9381714,30,-788.1433105,0,-0.7071068,0,-0.7071068;
racing,killcuboid,7,7,1,1726.9381714,30,-758.1433105,0,-0.7071068,0,-0.7071068;
racing,killcuboid,7,7,1,1066.9379425,30,-218.1431961,0,-0.7071068,0,-0.7071068;
racing,killcuboid,1,7,7,1096.9379425,30,-188.1431961,0,-0.7071068,0,-0.7071068;
racing,killcuboid,1,7,7,1576.9381714,30,-668.1432343,0,-0.7071068,0,-0.7071068;
racing,killcuboid,7,7,1,1606.9381714,30,-638.1432343,0,-0.7071068,0,-0.7071068;
racing,killcuboid,7,7,1,1306.9381714,30,-638.1432343,0,-0.7071068,0,-0.7071068;
racing,killcuboid,1,7,7,1336.9381714,30,-668.1432343,0,-0.7071068,0,-0.7071068;
racing,killcuboid,7,7,1,1306.9381714,30,-458.143158,0,-0.7071068,0,-0.7071068;
racing,killcuboid,1,7,7,1336.9381714,30,-428.143158,0,-0.7071068,0,-0.7071068;
racing,killcuboid,37,7,1,-433.0619812,30,411.856842,0,-0.7071068,0,-0.7071068;
racing,killcuboid,37,7,1,-733.0619812,30,411.8566895,0,-0.7071068,0,-0.7071068;
racing,killcuboid,1,7,7,-463.0619812,30,651.856842,0,-0.7071068,0,-0.7071068;
racing,killcuboid,1,7,13,-493.0619812,30,171.8566895,0,-0.7071068,0,-0.7071068;
racing,killcuboid,7,7,1,-433.0619812,30,201.8566895,0,-0.7071068,0,-0.7071068;
racing,killcuboid,1,7,13,-613.0619812,30,171.8566132,0,-0.7071068,0,-0.7071068;
racing,killcuboid,7,7,1,-733.0619812,30,621.8566895,0,-0.7071068,0,-0.7071068;
racing,killcuboid,1,7,13,-553.0619812,30,651.8566895,0,-0.7071068,0,-0.7071068;
racing,killcuboid,1,7,13,-673.0619812,30,651.8566895,0,-0.7071068,0,-0.7071068;
racing,killcuboid,37,7,1,-493.0619812,30,411.8566895,0,-0.7071068,0,-0.7071068;
racing,killcuboid,37,7,1,-553.0619812,30,411.8566895,0,-0.7071068,0,-0.7071068;
racing,killcuboid,37,7,1,-613.0619812,30,411.8566895,0,-0.7071068,0,-0.7071068;
racing,killcuboid,37,7,1,-673.0619812,30,411.8566895,0,-0.7071068,0,-0.7071068;
racing,killcuboid,25,7,1,1546.9381714,30,-488.1432343,0,-0.7071068,0,-0.7071068;
racing,killcuboid,1,7,19,1456.9381714,30,-608.1432343,0,-0.7071068,0,-0.7071068;
custom,cylinder,ice1,2,3,2,1,1,1,1,2,6,-163.0619049,30,-458.1433487,0,-1,0,0;
custom,cylinder,cannonregionmat,2.1,3.1,2.1,1,1,1,1,1,1,-163.0619049,30,-458.1433487,0,-1,0,0;
custom,cylinder,ice1,2,3,2,1,1,1,1,2,6,-283.0618286,30,-638.1433487,0,-1,0,0;
custom,cylinder,cannonregionmat,2.1,3.1,2.1,1,1,1,1,1,1,-283.0618286,30,-638.1433487,0,-1,0,0;
custom,cylinder,ice1,2,3,2,1,1,1,1,2,6,-43.0619049,30,-578.1433105,0,-1,0,0;
custom,cylinder,cannonregionmat,2.1,3.1,2.1,1,1,1,1,1,1,-43.0619049,30,-578.1433105,0,-1,0,0;
custom,cylinder,ice1,2,3,2,1,1,1,1,2,6,76.9381237,30,-698.1433105,0,-1,0,0;
custom,cylinder,cannonregionmat,2.1,3.1,2.1,1,1,1,1,1,1,76.9381237,30,-698.1433105,0,-1,0,0;
custom,cylinder,ice1,2,3,2,1,1,1,1,2,6,76.9380856,30,-218.1433105,0,-1,0,0;
custom,cylinder,cannonregionmat,2.1,3.1,2.1,1,1,1,1,1,1,76.9380856,30,-218.1433105,0,-1,0,0;
custom,cylinder,ice1,2,3,2,1,1,1,1,2,6,16.9380951,30,-218.1433105,0,-1,0,0;
custom,cylinder,cannonregionmat,2.1,3.1,2.1,1,1,1,1,1,1,16.9380951,30,-218.1433105,0,-1,0,0;
custom,cylinder,ice1,2,3,2,1,1,1,1,2,6,-103.0619049,30,-338.1433487,0,-1,0,0;
custom,cylinder,cannonregionmat,2.1,3.1,2.1,1,1,1,1,1,1,-103.0619049,30,-338.1433487,0,-1,0,0;
custom,cylinder,ice1,2,3,2,1,1,1,1,2,6,-163.0618668,30,-758.1433105,0,-1,0,0;
custom,cylinder,cannonregionmat,2.1,3.1,2.1,1,1,1,1,1,1,-163.0618668,30,-758.1433105,0,-1,0,0;
custom,cylinder,ice1,2,3,2,1,1,1,1,2,6,-103.0618668,30,-878.1433105,0,-1,0,0;
custom,cylinder,cannonregionmat,2.1,3.1,2.1,1,1,1,1,1,1,-103.0618668,30,-878.1433105,0,-1,0,0;
custom,cylinder,ice1,2,3,2,1,1,1,1,2,6,-223.0618286,30,-818.1433105,0,-1,0,0;
custom,cylinder,cannonregionmat,2.1,3.1,2.1,1,1,1,1,1,1,-223.0618286,30,-818.1433105,0,-1,0,0;
custom,cylinder,ice1,2,3,2,1,1,1,1,2,6,-583.0618286,30,-818.1433868,0,-1,0,0;
custom,cylinder,cannonregionmat,2.1,3.1,2.1,1,1,1,1,1,1,-583.0618286,30,-818.1433868,0,-1,0,0;
custom,cylinder,ice1,2,3,2,1,1,1,1,2,6,-703.0618286,30,-758.1433868,0,-1,0,0;
custom,cylinder,cannonregionmat,2.1,3.1,2.1,1,1,1,1,1,1,-703.0618286,30,-758.1433868,0,-1,0,0;
custom,cylinder,ice1,2,3,2,1,1,1,1,2,6,-1063.0618286,30,-758.1434631,0,-1,0,0;
custom,cylinder,cannonregionmat,2.1,3.1,2.1,1,1,1,1,1,1,-1063.0618286,30,-758.1434631,0,-1,0,0;
custom,cylinder,ice1,2,3,2,1,1,1,1,2,6,-1063.0618286,30,-938.1434631,0,-1,0,0;
custom,cylinder,cannonregionmat,2.1,3.1,2.1,1,1,1,1,1,1,-1063.0618286,30,-938.1434631,0,-1,0,0;
custom,cylinder,ice1,2,3,2,1,1,1,1,2,6,1156.9381714,30,-278.1432152,0,-1,0,0;
custom,cylinder,cannonregionmat,2.1,3.1,2.1,1,1,1,1,1,1,1156.9381714,30,-278.1432152,0,-1,0,0;
custom,cylinder,ice1,2,3,2,1,1,1,1,2,6,1636.9381714,30,-278.143177,0,-1,0,0;
custom,cylinder,cannonregionmat,2.1,3.1,2.1,1,1,1,1,1,1,1636.9381714,30,-278.143177,0,-1,0,0;
custom,cylinder,ice1,2,3,2,1,1,1,1,2,6,1636.9381714,30,-698.143158,0,-1,0,0;
custom,cylinder,cannonregionmat,2.1,3.1,2.1,1,1,1,1,1,1,1636.9381714,30,-698.143158,0,-1,0,0;
custom,cylinder,ice1,2,3,2,1,1,1,1,2,6,1276.9381714,30,-698.143158,0,-1,0,0;
custom,cylinder,cannonregionmat,2.1,3.1,2.1,1,1,1,1,1,1,1276.9381714,30,-698.143158,0,-1,0,0;
custom,cylinder,ice1,2,3,2,1,1,1,1,2,6,1276.9381714,30,-398.1431961,0,-1,0,0;
custom,cylinder,cannonregionmat,2.1,3.1,2.1,1,1,1,1,1,1,1276.9381714,30,-398.1431961,0,-1,0,0;
custom,cylinder,ice1,2,3,2,1,1,1,1,2,6,1516.9381714,30,-398.1431961,0,-1,0,0;
custom,cylinder,cannonregionmat,2.1,3.1,2.1,1,1,1,1,1,1,1516.9381714,30,-398.1431961,0,-1,0,0;
custom,cylinder,ice1,2,3,2,1,1,1,1,2,6,1516.9381714,30,-578.1431961,0,-1,0,0;
custom,cylinder,cannonregionmat,2.1,3.1,2.1,1,1,1,1,1,1,1516.9381714,30,-578.1431961,0,-1,0,0;
custom,cylinder,ice1,2,3,2,1,1,1,1,2,6,1396.9381714,30,-578.1431961,0,-1,0,0;
custom,cylinder,cannonregionmat,2.1,3.1,2.1,1,1,1,1,1,1,1396.9381714,30,-578.1431961,0,-1,0,0;
custom,cylinder,ice1,2,3,2,1,1,1,1,2,6,1396.9381714,30,-518.1431961,0,-1,0,0;
custom,cylinder,cannonregionmat,2.1,3.1,2.1,1,1,1,1,1,1,1396.9381714,30,-518.1431961,0,-1,0,0;
racing,killcuboid,2,6,2,576.9380188,30,-408.1432343,0,-1,0,0;
racing,killcuboid,2,6,2,536.9380569,30,-408.1432343,0,-1,0,0;
racing,killcuboid,1.9999999,6,1.9999999,846.9379425,30,221.8570709,0,-0.7071067,0,-0.7071068;
racing,killcuboid,1.9999999,6,1.9999999,846.9379425,30,181.8570709,0,-0.7071067,0,-0.7071068;
racing,killcuboid,2.0000002,6.000001,2.0000002,846.9379425,10,201.8570709,-0.4999999,-0.5,-0.5,-0.5;
racing,killcuboid,2.0000002,6.000001,2.0000002,846.9379425,50,201.8570709,-0.4999999,-0.5,-0.5,-0.5;
racing,killcuboid,2.0000002,6.000001,2.0000002,996.9379425,10,-98.1431198,-0.4999999,-0.5,-0.5,-0.5;
racing,killcuboid,2.0000002,6.000001,2.0000002,996.9379425,50,-98.1431198,-0.4999999,-0.5,-0.5,-0.5;
racing,killcuboid,1.9999999,6,20,146.9380569,30,41.8566895,0,-0.7071067,0,-0.7071068;
racing,killcuboid,1.9999999,6,20,146.9380665,30,1.8566895,0,-0.7071067,0,-0.7071068;
racing,killcuboid,2.0000002,6.000001,20.0000038,146.9380665,10,21.8566895,-0.4999999,-0.5,-0.5,-0.5;
racing,killcuboid,2.0000002,6.000001,20.0000038,146.9380665,50,21.8566895,-0.4999999,-0.5,-0.5,-0.5;
racing,killcuboid,2.0000002,6.000001,2.0000002,-753.0620575,50,-398.1433487,-0.4999999,-0.5,-0.5,-0.5;
racing,killcuboid,2.0000002,6.000001,2.0000002,-773.0620575,30,-398.1433487,-0.4999999,-0.5,-0.5,-0.5;
racing,killcuboid,2.0000002,6.000001,2.0000002,-873.0618286,10,-398.1433487,-0.4999999,-0.5,-0.5,-0.5;
racing,killcuboid,2.0000002,6.000001,2.0000002,-893.0618286,30,-398.1433487,-0.4999999,-0.5,-0.5,-0.5;
racing,killcuboid,2.0000002,6.000001,2.0000002,-633.0618286,10,-398.1433487,-0.4999999,-0.5,-0.5,-0.5;
racing,killcuboid,2.0000002,6.000001,2.0000002,-653.0618286,30,-398.1433487,-0.4999999,-0.5,-0.5,-0.5;
racing,killcuboid,2.0000002,2.0000002,20.0000038,-743.0618286,30,-518.1432724,-0.4999999,-0.5,-0.5,-0.5;
racing,killcuboid,2.0000002,6.000001,2.0000002,-853.0618286,30,-518.1433868,-0.4999999,-0.5,-0.5,-0.5;
racing,killcuboid,2.0000002,6.000001,2.0000002,-633.0618286,30,-518.1433868,-0.4999999,-0.5,-0.5,-0.5;
racing,killcuboid,2,6.000001,2,-853.0618286,30,-518.1433868,-0.7071067,1e-7,-0.7071069,-1e-7;
racing,killcuboid,2,6.000001,2,-633.0618286,30,-518.1433868,-0.7071067,1e-7,-0.7071069,-1e-7;
racing,killcuboid,1.9999999,6,47.9999962,166.9381714,30,-1018.1433105,0,-0.7071067,0,-0.7071068;
racing,killcuboid,1.9999999,6,47.9999962,-313.0618286,30,-1258.1433105,0,-0.7071067,0,-0.7071068;
racing,killcuboid,2,6,2,736.9381714,30,-508.1432343,0,-1,0,0;
