map,disablebounds;
racing,killCuboid,500,9.5,50,7,-47.5,1083.75,0,0,0,1;
custom,startCuboid,default,500,9.5,50,0,1,1,1,1,1,7,-47.5,1083.75,0,0,0,1;
custom,checkpointCuboid,default,500,9.5,50,0,1,1,1,1,1,7,-47.5,1083.75,0,0,0,1;
custom,cuboid,lava1,500,10,150,0,1,1,1,8,2.4,7,-45,83.75,0,0,0,1;
racing,killCuboid,500.2,10.2,150.2,7,-45,83.75,0,0,0,1;
custom,cuboid,lava1,500,10,300,0,1,1,1,8,4.8,7,-45,2833.75,0,0,0,1;
racing,killCuboid,500.2,10.2,300.25,7,-45,2833.75,0,0,0,1;
racing,startCuboid,4,7.5,2,32,42.5,42.25,0,0,0,1;
racing,startCuboid,4,5.5,6,32,52.5,4,0,0,0,1;
custom,cuboid,default,1,2,5,0,1,1,1,1,1,17,15,9,0,0,0,1;
custom,cuboid,default,1,2,5,0,1,1,1,1,1,47,15,9,0,0,0,1;
custom,cuboid,default,4,2,1,0,1,1,1,1,1,32,15,-21,0,0,0,1;
custom,cuboid,default,2,0.125,0.125,1,0.25,0.5,1,1,1,32,17,32.5,0,0,0,1;
custom,cuboid,default,2,0.075,0.125,1,0.25,0.5,1,1,1,32,24,32.5,0,0,0,1;
custom,cuboid,default,2,0.15,5,1,1,1,1,0.1,0.25,32,5.75,9,0,0,0,1;
racing,killCuboid,0.75,5.5,5,17,52.5,7.75,0,0,0,1;
racing,killCuboid,0.75,5.5,5,47,52.5,7.75,0,0,0,1;
racing,killCuboid,3.75,5.5,0.75,32,52.5,-21,0,0,0,1;
spawnpoint,playerC,32,7,5,0,0,0,1;
spawnpoint,playerM,32,7,5,0,0,0,1;
custom,cuboid,default,1.5,7.5,29.5,0,1,1,1,1,1,65,42.5,180,0,0.0598923,0,0.9982049;
racing,killCuboid,1.7,7.7,29.7,65,42.5,180,0,0.0598923,0,0.9982049;
custom,cuboid,default,1.5,7.5,8,0,1,1,1,1,1,77,42.5,336.5,0,0.1961161,0,-0.9805807;
racing,killCuboid,1.7,7.7,8.2,77,42.5,336.5,0,0.1961161,0,-0.9805807;
custom,cuboid,default,2,7.5,2,0,1,1,1,1,1,62.5,42.5,375,0,0.6970784,0,0.716995;
racing,killCuboid,2.2,7.7,2.2,62.5,42.5,375,0,0.6970784,0,0.716995;
custom,cuboid,default,1.5,7.5,29,0,1,1,1,1,1,205,42.5,353.5,0,0.7551697,0,0.6555293;
racing,killCuboid,1.7,7.7,29.2,205,42.5,353.5,0,0.7551697,0,0.6555293;
custom,cuboid,default,1.5,7.5,12,0,1,1,1,1,1,365,42.5,375,0,0.9838699,0,-0.1788854;
racing,killCuboid,1.7,7.7,12.2,365,42.5,375,0,0.9838699,0,-0.1788854;
custom,cuboid,default,30,7.5,1.5,0,1,1,1,1,1,405,42.5,577.5,0,0.7507135,0,0.6606279;
racing,killCuboid,30.2,7.7,1.7,405,42.5,577.5,0,0.7507135,0,0.6606279;
custom,cuboid,default,1.5,7.5,14,0,1,1,1,1,1,362.5,42.5,745,0,0.6,0,-0.8;
racing,killCuboid,1.7,7.7,14.2,362.5,42.5,745,0,0.6,0,-0.8;
custom,cuboid,default,1.5,7.5,26,0,1,1,1,1,1,257.5,42.5,643.5,0,0.9835472,0,-0.1806515;
racing,killCuboid,1.7,7.7,26.2,257.5,42.5,643.5,0,0.9835472,0,-0.1806515;
custom,cuboid,lava1,1.5,7.49,26,0,1,1,1,1,0.3,256,42.45,643.5,0,0.9835472,0,-0.1806515;
racing,killCuboid,1.7,7.69,26.2,256,42.45,643.5,0,0.9835472,0,-0.1806515;
custom,cuboid,default,2,7.5,2,0,1,1,1,1,1,212.25,42.5,523.5,0,0.9835472,0,-0.1806515;
racing,killCuboid,2.2,7.7,2.2,212.25,42.5,523.5,0,0.9835472,0,-0.1806515;
custom,cuboid,default,1.5,7.5,30,0,1,1,1,1,1,60,42.5,560,0,0.6283371,0,-0.7779412;
racing,killCuboid,1.7,7.7,30.2,60,42.5,560,0,0.6283371,0,-0.7779412;
custom,cuboid,lava1,1,7.49,31,0,1,1,1,2,0.5,62.5,42.45,564.5,0,0.6283371,0,-0.7779412;
racing,killCuboid,1.2,7.69,31.2,62.5,42.45,564.5,0,0.6283371,0,-0.7779412;
custom,cuboid,default,2,7.5,2,0,1,1,1,1,1,-95,42.5,595.5,0,0.9949875,0,-0.09999876;
racing,killCuboid,2.2,7.7,2.2,-95,42.5,595.5,0,0.9949875,0,-0.09999876;
custom,cuboid,default,1.5,7.5,6,0,1,1,1,1,1,-99,42.5,560,0,0.996989,0,-0.07754359;
racing,killCuboid,1.7,7.7,6.2,-99,42.5,560,0,0.996989,0,-0.07754359;
custom,cuboid,default,2,7.5,2,0,1,1,1,1,1,-105,42.5,522,0,0.7690393,0,0.6392015;
racing,killCuboid,2.2,7.7,2.2,-105,42.5,522,0,0.7690393,0,0.6392015;
custom,cuboid,lava1,1,7.49,30,0,1,1,1,2,0.5,107,42.45,680,0,0.6283371,0,-0.7779412;
racing,killCuboid,1.1,7.59,30.1,107,42.45,680,0,0.6283371,0,-0.7779412;
racing,killCylinder,1.2,3.75,1.2,-40,42.5,711.5,0,0,0,1;
custom,cuboid,lava1,5,4.5,1,0,1,1,1,0.5,0.37,95,27.5,652.5,0,0.6283371,0,-0.7779412;
racing,killCuboid,5.1,4.6,1.1,95,27.5,652.5,0,0.6283371,0,-0.7779412;
racing,killCylinder,1,2.5,1,95,50,652.5,-0.7065253,0.1486139,0,0.6919075;
custom,cuboid,lava1,1,7.5,32,0,1,1,1,2,0.47,136.5,42.5,775.5,0,0.6662134,0,-0.7457613;
racing,killCuboid,1.1,7.6,32.1,136.5,42.5,775.5,0,0.6662134,0,-0.7457613;
racing,killCylinder,1.2,3.75,1.2,-22,42.5,793.5,0,0,0,1;
racing,killCuboid,1.7,8.1,85,403,40.5,1170,0,0.08304548,0,0.9965458;
custom,cuboid,default,1.5,7.5,25,0,1,1,1,1,1,452.5,42.5,1465,0,0.08304548,0,0.9965458;
custom,cuboid,default,2,7.52,2,1,0.2,0.45,1,1,1,420,42.6,1342.5,0,0,0,1;
racing,killCuboid,2.1,7.62,2.1,420,42.6,1342.5,0,0,0,1;
custom,cuboid,default,1.5,7.5,16,0,1,1,1,1,1,402.5,42.5,1612,0,0.6,0,-0.8;
racing,killCuboid,1.7,7.7,16.2,402.5,42.5,1612,0,0.6,0,-0.8;
custom,cuboid,default,1.5,7.5,22,0,1,1,1,1,1,297.5,42.5,1530,0,0.164399,0,0.986394;
racing,killCuboid,1.7,7.7,22.2,297.5,42.5,1530,0,0.164399,0,0.986394;
custom,cuboid,default,2,7.52,2,1,0.2,0.45,1,1,1,262.5,42.6,1430,0,0.164399,0,0.986394;
racing,killCuboid,2.2,7.72,2.2,262.5,42.6,1430,0,0.164399,0,0.986394;
custom,cuboid,default,1.5,7.5,58.5,0,1,1,1,1,1,47,42.5,1705.5,0,0.5174193,0,-0.855732;
racing,killCuboid,1.7,7.7,58.7,47,42.5,1705.5,0,0.5174193,0,-0.855732;
custom,cuboid,default,2,7.52,2,1,0.2,0.45,1,1,1,-215,42.6,1842.5,0,0,0,1;
racing,killCuboid,2.2,7.72,2.2,-215,42.6,1842.5,0,0,0,1;
custom,cuboid,default,1.5,7.5,57.5,0,1,1,1,1,1,81,42.5,1850.5,0,0.7046038,0,0.709601;
racing,killCuboid,1.7,7.7,57.7,81,42.5,1850.5,0,0.7046038,0,0.709601;
racing,killCuboid,8.5,7.7,1.7,-135.5,42.5,1898.75,0,0.7046038,0,0.709601;
custom,cuboid,default,1.5,7.5,1.5,1,0.2,0.45,1,1,1,-135.75,42.5,1932.75,0,0.7046038,0,0.709601;
racing,killCuboid,6.5,7.7,1.7,85,42.5,1890.5,0,0.7046038,0,0.709601;
custom,cuboid,default,1.5,7.5,1.5,1,0.2,0.45,1,1,1,85,42.5,1915,0,0.7046038,0,0.709601;
racing,killCuboid,4.5,7.7,1.7,270,42.5,1881.75,0,0.7046038,0,0.709601;
racing,killCuboid,1.7,7.7,1.7,269.9,42.5,1895.75,0,0.7046038,0,0.709601;
custom,cuboid,default,2,7.52,2,1,0.2,0.45,1,1,1,375,42.6,1852.5,0,0.7046038,0,0.709601;
racing,killCuboid,2.2,7.72,2.2,375,42.6,1852.5,0,0.7046038,0,0.709601;
custom,cuboid,default,1.5,7.5,15,0,1,1,1,1,1,382,42.5,1777.5,0,-0.04998748,0,0.9987499;
racing,killCuboid,1.7,7.7,15.2,382,42.5,1777.5,0,-0.04998748,0,0.9987499;
custom,cuboid,default,16,7.5,1.5,0,1,1,1,1,1,460,42.5,1690,0,0.07000329,0,0.9975468;
racing,killCuboid,16.2,7.7,1.7,460,42.5,1690,0,0.07000329,0,0.9975468;
custom,cuboid,default,1.5,7.5,27,0,1,1,1,1,1,550.5,42.5,1806,0,0.07000329,0,0.9975468;
racing,killCuboid,1.7,7.7,27.2,550.5,42.5,1806,0,0.07000329,0,0.9975468;
racing,killCuboid,15,8,1.5,-465,340,2284.75,0,0,0,1;
racing,killCuboid,12,20,1.5,-585,392.5,2284.75,0,0,0,1;
racing,killCuboid,18,19,1.5,-615,585,2284.75,0,0,0,1;
racing,killCuboid,45,12.75,1.5,-930,616.25,2284.75,0,0,0,1;
racing,killCuboid,10,20,1.5,-1205,580,2284.75,0,0,0,1;
racing,killCuboid,107.5,11.25,1.5,-752.5,286.25,2284.75,0,0,-0.2425356,0.9701425;
racing,killCuboid,22.5,7.5,1.5,-375,42.5,2284.5,0,0,0,1;
racing,killCuboid,35,7.5,1.5,-650,42.5,2312.5,0,0.08304548,0,0.9965458;
racing,killCuboid,1.5,7.49,56.5,-540,42.45,2325,0,0.6842734,0,-0.7292256;
custom,checkpointCuboid,default,2.5,7.5,1.5,0,1,1,1,1,1,-352,42.5,2334,0,0.6842734,0,-0.7292256;
racing,killCuboid,2.7,7.7,1.7,-352,42.5,2334,0,0.6842734,0,-0.7292256;
custom,cuboid,default,12,7.5,1.5,0,1,1,1,1,1,-262.5,42.5,2360,0,0.6842734,0,-0.7292256;
racing,killCuboid,12.2,7.7,1.7,-262.5,42.5,2360,0,0.6842734,0,-0.7292256;
custom,cuboid,default,2,7.51,2,1,0,1,1,1,1,-259,42.55,2418,0,0.6842734,0,-0.7292256;
racing,killCuboid,2.2,7.71,2.2,-259,42.55,2418,0,0.6842734,0,-0.7292256;
racing,killCuboid,1.7,7.5,42.5,-40,42.5,2402.5,0,0.6842734,0,-0.7292256;
racing,killArc180,5,15,5,-85,40.9,2432,0,0.7279242,0,0.6856577;
racing,killCuboid,1.75,3.5,1,-84,22.5,2464.5,0,0.6739143,0,-0.7388096;
racing,killCuboid,1.75,2.5,1,-84,67.5,2464.5,0,0.6739143,0,-0.7388096;
custom,cuboid,default,2,7.5,2,1,1,1,0,1,1,164,42.5,2459,0,0.6739143,0,-0.7388096;
racing,killCuboid,2.2,7.7,2.2,164,42.5,2459,0,0.6739143,0,-0.7388096;
racing,killCuboid,1.7,7.5,42,162.5,42.5,2592.544,0,0.9999755,0,0.006999968;
racing,killCuboid,1.5,7.7,17.5,81.5,42.5,2802.5,0,0.6706472,0,-0.7417765;
custom,cuboid,default,21.5,7.49,1.5,0,1,1,1,1,1,70,42.45,2700,0,0.6706472,0,-0.7417765;
racing,killCuboid,22.2,7.79,1.7,69.5,42.45,2696.75,0,0.6706472,0,-0.7417765;
custom,cuboid,default,1.55,7.5,1.55,1,1,1,0,1,1,59.375,42.5,2595,0,0.6706472,0,-0.7417765;
racing,killCuboid,22,7.7,1.7,-7.4,42.5,2708.25,0,0.6706472,0,-0.7417765;
custom,cuboid,default,1.5,7.5,1.5,1,1,1,0,1,1,-17.5,42.5,2607.5,0,0.6706472,0,-0.7417765;
custom,cuboid,default,1.5,7.5,31.5,0,1,1,1,1,1,-37.5,42.5,2963.25,0,0.9914884,0,0.1301954;
racing,killCuboid,1.7,7.7,31.7,-37.5,42.5,2963.25,0,0.9914884,0,0.1301954;
racing,killCuboid,47,7.7,1.7,-304,42.5,3119,0,0,0,1;
custom,cuboid,default,18.25,7.5,1.5,0,1,1,1,1,1,-161.25,42.5,3119,0,0,0,1;
custom,cuboid,default,1.5,7.5,19.5,0,1,1,1,1,1,-245,42.5,3027.5,0,0,0,1;
racing,killCuboid,1.7,7.7,20.2,-245,42.5,3025,0,0,0,1;
custom,cuboid,default,1.55,7.55,1.55,1,1,1,0,1,1,-245,42.75,2932.5,0,0,0,1;
custom,cuboid,default,2,7.55,2,1,1,1,0,1,1,-540,42.75,3119,0,0,0,1;
racing,killCuboid,2.2,7.75,2.2,-540,42.75,3119,0,0,0,1;
racing,killCuboid,105,7.5,1.5,-31,459,3275.25,0,0.9898254,0,0.1422874;
racing,killCuboid,3.5,7.5,1.5,488,459,3425.25,0,0,0,1;
racing,killCuboid,1.5,7.5,22.5,498,459,3530.25,0,0,0,1;
racing,killCuboid,14,1.5,22.5,435.5,414,3530.25,0,0,0,1;
racing,killCuboid,14,1,22.5,435.5,501.5,3530.25,0,0,0,1;
racing,killCuboid,161.25,7.5,1.5,-300.75,459,3635.25,0,0,0,1;
custom,cuboid,default,50.3,7.3,0.8,0,1,1,1,1,1,-1564.5,459,3579,0,0,0,1;
racing,killCuboid,50.5,7.5,1,-1564.5,459,3579,0,0,0,1;
racing,killCuboid,8.9,1,12.75,-1570,501.5,3579,0,0,0,1;
racing,killCuboid,20.5,1.5,12.75,-1714.5,414,3579,0,0,0,1;
custom,cuboid,default,21.3,7.3,0.8,0,1,1,1,1,1,-1119.5,459,3579,0,0,0,1;
racing,killCuboid,21.5,7.5,1,-1119.5,459,3579,0,0,0,1;
custom,cuboid,default,1.3,7.7,12.55,0,1,1,1,1,1,-1319.5,459,3579,0,0,0,1;
custom,cuboid,default,1.3,7.3,5.425,0,1,1,1,1,1,-1219.5,459,3550.875,0,0,0,1;
custom,cuboid,default,1.4,0.5,2,1,1,1,0,1,1,-1218.5,459,3550.875,0,0,0,1;
custom,prism,default,1,1.4,1,1,1,1,0,1,1,-1218.79,459,3538.25,-0.0003928371,-0.0003928371,-0.7071067,-0.7071067;
racing,killCuboid,1.5,7.5,25.5,-1219.5,459,3456.5,0,0,0,1;
custom,cylinder,default,1.5,3.75,1.5,0,1,1,1,1,1,-1269.5,459,3386.5,0,0,0,1;
racing,killCuboid,50,7.5,1.5,-1462,459,3336.5,0,0,0,1;
custom,cylinder,default,1.5,3.75,1.5,0,1,1,1,1,1,-1654.5,459,3386.5,0,0,0,1;
racing,killCuboid,1.5,7.5,20.125,-1704.5,459,3429.625,0,0,0,1;
custom,cylinder,default,1.5,3.75,1.5,0,1,1,1,1,1,-1654.5,459,3472.75,0,0,0,1;
racing,killCuboid,32,7.5,1.5,-1552,459,3522.75,0,0,0,1;
racing,killCuboid,1.5,7.5,30,-1319.5,459,3579,0,0,0,1;
racing,killArc90,8.75,117,8.75,-1567.25,643.8,3473.7,0,0,0,1;
racing,killCuboid,1.5,0.75,7,-1528,425.25,3480.25,0,0,0,1;
racing,killCuboid,1.5,0.75,7,-1533.475,432.75,3480.68,0,0.1104315,0,0.9938837;
racing,killCuboid,1.5,0.75,7,-1538.8,440.25,3481.95,0,0.1737853,0,0.9847836;
racing,killCuboid,1.5,0.75,7,-1543.9,447.75,3484.05,0,0.2425356,0,0.9701425;
racing,killCuboid,1.5,0.75,7,-1548.57,455.25,3486.93,0,0.3162278,0,0.9486833;
racing,killCuboid,1.5,0.75,7,-1552.75,462.75,3490.5,0,0.3939193,0,0.919145;
racing,killCuboid,1.5,0.75,7,-1556.32,470.25,3494.68,0,0.4740998,0,0.8804711;
racing,killCuboid,1.5,0.75,7,-1559.2,477.75,3499.35,0,0.5547002,0,0.8320503;
racing,killCuboid,1.5,0.75,7,-1561.3,485.25,3504.43,0,0.6332378,0,0.7739573;
racing,killCuboid,1.5,0.75,7,-1562.57,492.75,3509.775,0,0.7071068,0,0.7071068;
racing,killCuboid,1.5,0.75,7,-1562.57,492.75,3648.225,0,0.7071068,0,0.7071068;
racing,killCuboid,1.5,0.75,7,-1561.3,485.25,3653.57,0,-0.6332378,0,0.7739573;
racing,killCuboid,1.5,0.75,7,-1559.2,477.75,3658.65,0,-0.5547002,0,0.8320503;
racing,killCuboid,1.5,0.75,7,-1556.32,470.25,3663.32,0,-0.4740998,0,0.8804711;
racing,killCuboid,1.5,0.75,7,-1552.75,462.75,3667.5,0,-0.3939193,0,0.919145;
racing,killCuboid,1.5,0.75,7,-1548.57,455.25,3671.07,0,-0.3162278,0,0.9486833;
racing,killCuboid,1.5,0.75,7,-1543.9,447.75,3673.95,0,-0.2425356,0,0.9701425;
racing,killCuboid,1.5,0.75,7,-1538.8,440.25,3676.05,0,-0.1737853,0,0.9847836;
racing,killCuboid,1.5,0.75,7,-1533.475,432.75,3677.32,0,-0.1104315,0,0.9938837;
racing,killCuboid,1.5,0.75,7,-1528,425.25,3677.75,0,0,0,1;
custom,cuboid,default,29.8,42.5,0.8,0,1,1,1,1,1,-1462,708,3579,0,0,0,1;
racing,killCuboid,30,42.5,1,-1462,709,3579,0,0,0,1;
racing,killCuboid,32,7.5,1.5,-1552,459,3635.25,0,0,0,1;
racing,killCuboid,1.5,7.5,20.125,-1704.5,459,3728.375,0,0,0,1;
racing,killCuboid,50,7.5,1.5,-1462,459,3821.5,0,0,0,1;
racing,killCuboid,1.5,7.5,20.125,-1220,459,3728.375,0,0,0,1;
custom,cuboid,default,11.3,7.3,1.3,0,1,1,1,1,1,-1269.5,459,3635.25,0,0,0,1;
racing,killCuboid,11.5,7.5,1.5,-1269.5,459,3635.25,0,0,0,1;
custom,cuboid,default,11.3,7.3,1.3,0,1,1,1,1,1,-1269.5,459,3522.75,0,0,0,1;
racing,killCuboid,11.5,7.5,1.5,-1269.5,459,3522.75,0,0,0,1;
racing,killArc90,8.75,117,8.75,-1568.6,643.8,3682.5,0,0.7071068,0,0.7071068;
custom,cylinder,default,1.4,24.9,1.4,0,1,1,1,1,1,-1392,671.5,3522.75,0,0,0,1;
racing,killCylinder,1.5,25,1.5,-1392,671.5,3522.75,0,0,0,1;
racing,killCuboid,2,7.5,1,-1384.5,544,3522.75,0,0,0,1;
racing,killCuboid,3,7.5,1,-1379.5,629,3522.75,0,0,0,1;
racing,killCuboid,4,7.5,1,-1374.5,714,3522.75,0,0,0,1;
racing,killCuboid,5,7.5,1,-1369.5,799,3522.75,0,0,0,1;
racing,killCuboid,4,7.5,1,-1374.5,884,3522.75,0,0,0,1;
custom,Cuboid,empty,1.9,7.4,0.9,0,1,1,1,1,1,-1384.5,544,3522.75,0,0,0,1;
custom,Cuboid,empty,2.9,7.4,0.9,0,1,1,1,1,1,-1379.5,629,3522.75,0,0,0,1;
custom,Cuboid,empty,3.9,7.4,0.9,0,1,1,1,1,1,-1374.5,714,3522.75,0,0,0,1;
custom,Cuboid,empty,4.9,7.4,0.9,0,1,1,1,1,1,-1369.5,799,3522.75,0,0,0,1;
custom,Cuboid,empty,3.9,7.4,0.9,0,1,1,1,1,1,-1374.5,884,3522.75,0,0,0,1;
racing,killCuboid,13.6,42.5,1,-1460,709,3522.75,0,0,0,1;
custom,cylinder,default,2.4,29.15,2.4,0,1,1,1,1,1,-1528,714,3515.25,0,0,0,1;
racing,killCylinder,2.5,29.25,2.5,-1528,714,3515.25,0,0,0,1;
racing,killCuboid,1,7.5,8.625,-1523,969,3472.125,0,0,0,1;
racing,killCuboid,21.6,1,30,-1420,501.5,3579,0,0,0,1;
racing,killCuboid,1.5,0.75,7,-1528,510.25,3480.25,0,0,0,1;
racing,killCuboid,1.5,0.75,7,-1533.475,517.75,3480.68,0,0.1104315,0,0.9938837;
racing,killCuboid,1.5,0.75,7,-1538.8,525.25,3481.95,0,0.1737853,0,0.9847836;
racing,killCuboid,1.5,0.75,7,-1543.9,532.75,3484.05,0,0.2425356,0,0.9701425;
racing,killCuboid,1.5,0.75,7,-1548.57,540.25,3486.93,0,0.3162278,0,0.9486833;
racing,killCuboid,1.5,0.75,7,-1552.75,547.75,3490.5,0,0.3939193,0,0.919145;
racing,killCuboid,1.5,0.75,7,-1556.32,555.25,3494.68,0,0.4740998,0,0.8804711;
racing,killCuboid,1.5,0.75,7,-1559.2,562.75,3499.35,0,0.5547002,0,0.8320503;
racing,killCuboid,1.5,0.75,7,-1561.3,570.25,3504.43,0,0.6332378,0,0.7739573;
racing,killCuboid,1.5,0.75,7,-1562.57,577.75,3509.775,0,0.7071068,0,0.7071068;
racing,killCuboid,8.4,1,12.75,-1570,926.5,3579,0,0,0,1;
racing,killCuboid,21.6,1,30,-1420,926.5,3579,0,0,0,1;
custom,cuboid,lava1,7.5,1.2,7.5,1,1,1,1,1,1,-1462,928.5,3579,0,0,0,1;
custom,pillar1,lava1,1,0.3,1,0,1,1,1,1,1,-1462,934.5,3579,0,0,0,1;
racing,checkpointCylinder,1,3.7,1,-1462,969,3579,0,0,0,1;
custom,pillar1,lava1,1,0.3,1,0,1,1,1,1,1,-1462,1006.5,3579,0.7071068,0,0.7071068,0;
custom,cuboid,wood1,19.1,0.5,5,0,1,1,1,1,0.27,-1422.5,950.25,3470.5,0,0,0,1;
custom,cuboid,wood1,19.1,0.5,5,0,1,1,1,1,0.27,-1422.5,950.25,3687.5,0,0,0,1;
custom,cuboid,wood1,5,0.275,16.7,0,1,1,1,0.3,1,-1352,949.125,3579,0,0,0,1;
custom,killCuboid,default,5,0.125,5,0,1,1,1,1,1,-1352,951.125,3579,0,0,0,1;
custom,cuboid,wood1,5,0.25,5.85,0,1,1,1,0.2,0.34,-1352,951.5,3524.75,0,0,0,1;
custom,cuboid,wood1,5,0.25,5.85,0,1,1,1,0.2,0.34,-1352,951.5,3633.25,0,0,0,1;
custom,cuboid,lava1,21.6,1,30,0,1,1,1,1.08,1.5,-1420,1011.5,3579,0,0,0,1;
custom,cuboid,lava1,8.4,1,12.75,0,1,1,1,0.44,0.75,-1570,1011.5,3579,0,0,0,1;
custom,cylinder,lava1,17.5,0.49,17.5,0,1,1,1,1,1,-1528,1011.5,3515.25,0.3713907,0,0.9284767,0;
custom,cylinder,lava1,17.5,0.49,17.5,0,1,1,1,1,1,-1528,1011.5,3642.75,0.3713907,0,0.9284767,0;
racing,killCuboid,1.5,0.75,7,-1562.57,577.75,3648.225,0,0.7071068,0,0.7071068;
racing,killCuboid,1.5,0.75,7,-1561.3,570.25,3653.57,0,-0.6332378,0,0.7739573;
racing,killCuboid,1.5,0.75,7,-1559.2,562.75,3658.65,0,-0.5547002,0,0.8320503;
racing,killCuboid,1.5,0.75,7,-1556.32,555.25,3663.32,0,-0.4740998,0,0.8804711;
racing,killCuboid,1.5,0.75,7,-1552.75,547.75,3667.5,0,-0.3939193,0,0.919145;
racing,killCuboid,1.5,0.75,7,-1548.57,540.25,3671.07,0,-0.3162278,0,0.9486833;
racing,killCuboid,1.5,0.75,7,-1543.9,532.75,3673.95,0,-0.2425356,0,0.9701425;
racing,killCuboid,1.5,0.75,7,-1538.8,525.25,3676.05,0,-0.1737853,0,0.9847836;
racing,killCuboid,1.5,0.75,7,-1533.475,517.75,3677.32,0,-0.1104315,0,0.9938837;
racing,killCuboid,1.5,0.75,7,-1528,510.25,3677.75,0,0,0,1;
racing,killCuboid,8.4,1,12.75,-1570,586.5,3579,0,0,0,1;
racing,killCuboid,21.6,1,30,-1420,586.5,3579,0,0,0,1;
racing,killCuboid,1.5,0.75,7,-1528,595.25,3480.25,0,0,0,1;
racing,killCuboid,1.5,0.75,7,-1533.475,602.75,3480.68,0,0.1104315,0,0.9938837;
racing,killCuboid,1.5,0.75,7,-1538.8,610.25,3481.95,0,0.1737853,0,0.9847836;
racing,killCuboid,1.5,0.75,7,-1543.9,617.75,3484.05,0,0.2425356,0,0.9701425;
racing,killCuboid,1.5,0.75,7,-1548.57,625.25,3486.93,0,0.3162278,0,0.9486833;
racing,killCuboid,1.5,0.75,7,-1552.75,632.75,3490.5,0,0.3939193,0,0.919145;
racing,killCuboid,1.5,0.75,7,-1556.32,640.25,3494.68,0,0.4740998,0,0.8804711;
racing,killCuboid,1.5,0.75,7,-1559.2,647.75,3499.35,0,0.5547002,0,0.8320503;
racing,killCuboid,1.5,0.75,7,-1561.3,655.25,3504.43,0,0.6332378,0,0.7739573;
racing,killCuboid,1.5,0.75,7,-1562.57,662.75,3509.775,0,0.7071068,0,0.7071068;
racing,killCuboid,1.5,0.75,7,-1562.57,662.75,3648.225,0,0.7071068,0,0.7071068;
racing,killCuboid,1.5,0.75,7,-1561.3,655.25,3653.57,0,-0.6332378,0,0.7739573;
racing,killCuboid,1.5,0.75,7,-1559.2,647.75,3658.65,0,-0.5547002,0,0.8320503;
racing,killCuboid,1.5,0.75,7,-1556.32,640.25,3663.32,0,-0.4740998,0,0.8804711;
racing,killCuboid,1.5,0.75,7,-1552.75,632.75,3667.5,0,-0.3939193,0,0.919145;
racing,killCuboid,1.5,0.75,7,-1548.57,625.25,3671.07,0,-0.3162278,0,0.9486833;
racing,killCuboid,1.5,0.75,7,-1543.9,617.75,3673.95,0,-0.2425356,0,0.9701425;
racing,killCuboid,1.5,0.75,7,-1538.8,610.25,3676.05,0,-0.1737853,0,0.9847836;
racing,killCuboid,1.5,0.75,7,-1533.475,602.75,3677.32,0,-0.1104315,0,0.9938837;
racing,killCuboid,1.5,0.75,7,-1528,595.25,3677.75,0,0,0,1;
racing,killCuboid,8.4,1,12.75,-1570,671.5,3579,0,0,0,1;
racing,killCuboid,21.6,1,30,-1420,671.5,3579,0,0,0,1;
racing,killCuboid,1.5,0.75,7,-1528,680.25,3480.25,0,0,0,1;
racing,killCuboid,1.5,0.75,7,-1533.475,687.75,3480.68,0,0.1104315,0,0.9938837;
racing,killCuboid,1.5,0.75,7,-1538.8,695.25,3481.95,0,0.1737853,0,0.9847836;
racing,killCuboid,1.5,0.75,7,-1543.9,702.75,3484.05,0,0.2425356,0,0.9701425;
racing,killCuboid,1.5,0.75,7,-1548.57,710.25,3486.93,0,0.3162278,0,0.9486833;
racing,killCuboid,1.5,0.75,7,-1552.75,717.75,3490.5,0,0.3939193,0,0.919145;
racing,killCuboid,1.5,0.75,7,-1556.32,725.25,3494.68,0,0.4740998,0,0.8804711;
racing,killCuboid,1.5,0.75,7,-1559.2,732.75,3499.35,0,0.5547002,0,0.8320503;
racing,killCuboid,1.5,0.75,7,-1561.3,740.25,3504.43,0,0.6332378,0,0.7739573;
racing,killCuboid,1.5,0.75,7,-1562.57,747.75,3509.775,0,0.7071068,0,0.7071068;
racing,killCuboid,1.5,0.75,7,-1562.57,747.75,3648.225,0,0.7071068,0,0.7071068;
racing,killCuboid,1.5,0.75,7,-1561.3,740.25,3653.57,0,-0.6332378,0,0.7739573;
racing,killCuboid,1.5,0.75,7,-1559.2,732.75,3658.65,0,-0.5547002,0,0.8320503;
racing,killCuboid,1.5,0.75,7,-1556.32,725.25,3663.32,0,-0.4740998,0,0.8804711;
racing,killCuboid,1.5,0.75,7,-1552.75,717.75,3667.5,0,-0.3939193,0,0.919145;
racing,killCuboid,1.5,0.75,7,-1548.57,710.25,3671.07,0,-0.3162278,0,0.9486833;
racing,killCuboid,1.5,0.75,7,-1543.9,702.75,3673.95,0,-0.2425356,0,0.9701425;
racing,killCuboid,1.5,0.75,7,-1538.8,695.25,3676.05,0,-0.1737853,0,0.9847836;
racing,killCuboid,1.5,0.75,7,-1533.475,687.75,3677.32,0,-0.1104315,0,0.9938837;
racing,killCuboid,1.5,0.75,7,-1528,680.25,3677.75,0,0,0,1;
racing,killCuboid,8.4,1,12.75,-1570,756.5,3579,0,0,0,1;
racing,killCuboid,21.6,1,30,-1420,756.5,3579,0,0,0,1;
racing,killCuboid,1.5,0.75,7,-1528,765.25,3480.25,0,0,0,1;
racing,killCuboid,1.5,0.75,7,-1533.475,772.75,3480.68,0,0.1104315,0,0.9938837;
racing,killCuboid,1.5,0.75,7,-1538.8,780.25,3481.95,0,0.1737853,0,0.9847836;
racing,killCuboid,1.5,0.75,7,-1543.9,787.75,3484.05,0,0.2425356,0,0.9701425;
racing,killCuboid,1.5,0.75,7,-1548.57,795.25,3486.93,0,0.3162278,0,0.9486833;
racing,killCuboid,1.5,0.75,7,-1552.75,802.75,3490.5,0,0.3939193,0,0.919145;
racing,killCuboid,1.5,0.75,7,-1556.32,810.25,3494.68,0,0.4740998,0,0.8804711;
racing,killCuboid,1.5,0.75,7,-1559.2,817.75,3499.35,0,0.5547002,0,0.8320503;
racing,killCuboid,1.5,0.75,7,-1561.3,825.25,3504.43,0,0.6332378,0,0.7739573;
racing,killCuboid,1.5,0.75,7,-1562.57,832.75,3509.775,0,0.7071068,0,0.7071068;
racing,killCuboid,1.5,0.75,7,-1562.57,832.75,3648.225,0,0.7071068,0,0.7071068;
racing,killCuboid,1.5,0.75,7,-1561.3,825.25,3653.57,0,-0.6332378,0,0.7739573;
racing,killCuboid,1.5,0.75,7,-1559.2,817.75,3658.65,0,-0.5547002,0,0.8320503;
racing,killCuboid,1.5,0.75,7,-1556.32,810.25,3663.32,0,-0.4740998,0,0.8804711;
racing,killCuboid,1.5,0.75,7,-1552.75,802.75,3667.5,0,-0.3939193,0,0.919145;
racing,killCuboid,1.5,0.75,7,-1548.57,795.25,3671.07,0,-0.3162278,0,0.9486833;
racing,killCuboid,1.5,0.75,7,-1543.9,787.75,3673.95,0,-0.2425356,0,0.9701425;
racing,killCuboid,1.5,0.75,7,-1538.8,780.25,3676.05,0,-0.1737853,0,0.9847836;
racing,killCuboid,1.5,0.75,7,-1533.475,772.75,3677.32,0,-0.1104315,0,0.9938837;
racing,killCuboid,1.5,0.75,7,-1528,765.25,3677.75,0,0,0,1;
racing,killCuboid,8.4,1,12.75,-1570,841.5,3579,0,0,0,1;
racing,killCuboid,21.6,1,30,-1420,841.5,3579,0,0,0,1;
racing,killCuboid,1.5,0.75,7,-1528,850.25,3480.25,0,0,0,1;
racing,killCuboid,1.5,0.75,7,-1533.475,857.75,3480.68,0,0.1104315,0,0.9938837;
racing,killCuboid,1.5,0.75,7,-1538.8,865.25,3481.95,0,0.1737853,0,0.9847836;
racing,killCuboid,1.5,0.75,7,-1543.9,872.75,3484.05,0,0.2425356,0,0.9701425;
racing,killCuboid,1.5,0.75,7,-1548.57,880.25,3486.93,0,0.3162278,0,0.9486833;
racing,killCuboid,1.5,0.75,7,-1552.75,887.75,3490.5,0,0.3939193,0,0.919145;
racing,killCuboid,1.5,0.75,7,-1556.32,895.25,3494.68,0,0.4740998,0,0.8804711;
racing,killCuboid,1.5,0.75,7,-1559.2,902.75,3499.35,0,0.5547002,0,0.8320503;
racing,killCuboid,1.5,0.75,7,-1561.3,910.25,3504.43,0,0.6332378,0,0.7739573;
racing,killCuboid,1.5,0.75,7,-1562.57,917.75,3509.775,0,0.7071068,0,0.7071068;
racing,killCuboid,1.5,0.75,7,-1562.57,917.75,3648.225,0,0.7071068,0,0.7071068;
racing,killCuboid,1.5,0.75,7,-1561.3,910.25,3653.57,0,-0.6332378,0,0.7739573;
racing,killCuboid,1.5,0.75,7,-1559.2,902.75,3658.65,0,-0.5547002,0,0.8320503;
racing,killCuboid,1.5,0.75,7,-1556.32,895.25,3663.32,0,-0.4740998,0,0.8804711;
racing,killCuboid,1.5,0.75,7,-1552.75,887.75,3667.5,0,-0.3939193,0,0.919145;
racing,killCuboid,1.5,0.75,7,-1548.57,880.25,3671.07,0,-0.3162278,0,0.9486833;
racing,killCuboid,1.5,0.75,7,-1543.9,872.75,3673.95,0,-0.2425356,0,0.9701425;
racing,killCuboid,1.5,0.75,7,-1538.8,865.25,3676.05,0,-0.1737853,0,0.9847836;
racing,killCuboid,1.5,0.75,7,-1533.475,857.75,3677.32,0,-0.1104315,0,0.9938837;
racing,killCuboid,1.5,0.75,7,-1528,850.25,3677.75,0,0,0,1;
racing,killCuboid,1,15,1,-1528,714,3579,0,0.4740998,0.8804711,0;
racing,killCuboid,1,15,1,-1528,714,3579,0,-0.4740998,0.8804711,0;
racing,killCuboid,0.8,10.5,0.8,-1528,887.5,3610.875,0,-0.3162278,0.9486833,0;
racing,killCuboid,0.8,10.5,0.8,-1528,887.5,3547.125,0,0.3162278,0.9486833,0;
custom,cylinder,default,2.4,29.15,2.4,0,1,1,1,1,1,-1528,714,3642.75,0,0,0,1;
racing,killCylinder,2.5,29.25,2.5,-1528,714,3642.75,0,0,0,1;
racing,killCuboid,1,7.5,8.625,-1523,969,3685.875,0,0,0,1;
racing,killCuboid,13.6,42.5,1,-1460,709,3635.25,0,0,0,1;
custom,cylinder,default,1.4,24.9,1.4,0,1,1,1,1,1,-1392,671.5,3635.25,0,0,0,1;
racing,killCylinder,1.5,25,1.5,-1392,671.5,3635.25,0,0,0,1;
racing,killCuboid,2,7.5,1,-1384.5,544,3635.25,0,0,0,1;
racing,killCuboid,3,7.5,1,-1379.5,629,3635.25,0,0,0,1;
racing,killCuboid,4,7.5,1,-1374.5,714,3635.25,0,0,0,1;
racing,killCuboid,5,7.5,1,-1369.5,799,3635.25,0,0,0,1;
racing,killCuboid,4,7.5,1,-1374.5,884,3635.25,0,0,0,1;
custom,Cuboid,empty,1.9,7.4,0.9,0,1,1,1,1,1,-1384.5,544,3635.25,0,0,0,1;
custom,Cuboid,empty,2.9,7.4,0.9,0,1,1,1,1,1,-1379.5,629,3635.25,0,0,0,1;
custom,Cuboid,empty,3.9,7.4,0.9,0,1,1,1,1,1,-1374.5,714,3635.25,0,0,0,1;
custom,Cuboid,empty,4.9,7.4,0.9,0,1,1,1,1,1,-1369.5,799,3635.25,0,0,0,1;
custom,Cuboid,empty,3.9,7.4,0.9,0,1,1,1,1,1,-1374.5,884,3635.25,0,0,0,1;
racing,killCuboid,13.6,42.5,1,-1460,709,3522.75,0,0,0,1;
custom,cylinder,default,2.5,3.75,2.5,1,1,1,1,1,1,-1114.5,459,3635.25,0,0,0,1;
custom,cylinder,default,1.5,3.75,1.5,0,1,1,1,1,1,-1269.5,459,3771.5,0,0,0,1;
custom,cylinder,default,1.5,3.75,1.5,0,1,1,1,1,1,-1654.5,459,3771.5,0,0,0,1;
custom,cylinder,default,1.5,3.75,1.5,0,1,1,1,1,1,-1269.5,459,3685.25,0,0,0,1;
custom,cylinder,default,1.5,3.75,1.5,0,1,1,1,1,1,-1654.5,459,3685.25,0,0,0,1;
racing,killCuboid,21.6,58.5,1.6,-1420,714,3437,0,0,0,1;
racing,killCuboid,1.5,51,12.75,-1604.5,751.5,3579,0,0,0,1;
racing,killCuboid,1.5,51,30,-1319.5,751.5,3579,0,0,0,1;
custom,Cuboid,empty,1.4,50.95,29.9,0,1,1,1,1,1,-1319.5,751.75,3579,0,0,0,1;
racing,killCuboid,21.6,58.5,1.6,-1420,714,3721,0,0,0,1;
racing,killCuboid,30,32.65,1.5,-1462,243.25,3436.5,0,0,0,1;
racing,killCuboid,30,32.65,1.5,-1462,243.25,3721.5,0,0,0,1;
racing,killCuboid,1.5,32.65,30,-1604.5,243.25,3579,0,0,0,1;
racing,killCuboid,1.5,25.15,30,-1319.5,205.75,3579,0,0,0,1;
custom,cuboid,default,11.8,39.95,0.8,0,1,1,1,1,1,-1462,205.75,3579,0,0,0,1;
racing,killCuboid,12,40.15,1,-1462,205.75,3579,0,0,0,1;
custom,cuboid,default,0.8,39.95,5.3,0,1,1,1,1,1,-1517,205.75,3601.5,0,0,0,1;
racing,killCuboid,1,40.15,5.5,-1517,205.75,3601.5,0,0,0,1;
custom,cuboid,default,0.8,39.95,5.8,0,1,1,1,1,1,-1407,205.75,3604,0,0,0,1;
racing,killCuboid,1,40.15,6,-1407,205.75,3604,0,0,0,1;
custom,cylinder,default,1.4,19.975,1.4,0,1,1,1,1,1,-1462,205.75,3629,0,0,0,1;
racing,killCylinder,1.5,20.075,1.5,-1462,205.75,3629,0,0,0,1;
racing,killCuboid,1,40.15,10.5,-1462,205.75,3676.5,0,0,0,1;
racing,killCuboid,1.5,7.5,10.125,-1319.5,369,3479.625,0,0,0,1;
racing,killCuboid,1.5,7.5,10.125,-1319.5,369,3678.375,0,0,0,1;
racing,killCuboid,11.5,0.75,12.75,-1269.5,327.75,3579,0,0,0,1;
custom,cuboid,default,11.3,9,1.3,0,1,1,1,1,1,-1269.5,378.5,3522.75,0,0,0,1;
racing,killCuboid,11.5,9,1.5,-1269.5,376.5,3522.75,0,0,0,1;
custom,cuboid,default,11.3,9,1.3,0,1,1,1,1,1,-1269.5,378.5,3635.25,0,0,0,1;
racing,killCuboid,11.5,9,1.5,-1269.5,376.5,3635.25,0,0,0,1;
custom,cuboid,default,1.3,9,12.55,0,1,1,1,1,1,-1219.5,378.5,3579,0,0,0,1;
racing,killCuboid,1.5,9,12.75,-1219.5,376.5,3579,0,0,0,1;
custom,prism,default,1,1.52,1,1,1,1,0,1,1,-1604.2,969,3588,-0.7071068,-0.7071068,7.048163E-05,7.048163E-05;
custom,cuboid,default,1.52,0.5,2,1,1,1,0,1,1,-1604.5,969,3574,0,0,0,1;
misc,region,-1FLOOR,1,1,1,-1462,327.75,3504,0,0,0,1;
racing,killCuboid,30,0.75,15,-1462,327.75,3504,0,0,0,1;
racing,killCuboid,10,0.75,15,-1562,327.75,3654,0,0,0,1;
racing,killCuboid,10,0.75,10,-1462,327.75,3679,0,0,0,1;
racing,killCuboid,10,0.75,15,-1362,327.75,3654,0,0,0,1;
custom,cuboid,default,0.8,7.3,10.3,0,1,1,1,1,1,-1462,369,3676.5,0,0,0,1;
custom,cuboid,default,1.025,0.5,2,1,1,1,0,1,1,-1462,369,3681.5,0,0,0,1;
custom,prism,default,1,1.025,1,1,1,1,0,1,1,-1462.225,369,3667.5,7.071775E-05,7.071775E-05,0.7071068,0.7071068;
racing,killCuboid,4.2,7.5,1.5,-1348,369,3522.75,0,0,0,1;
racing,killCuboid,1,7.5,16.3,-1364,369,3596.75,0,0,0,1;
custom,endCuboid,default,1,0.5,2,1,1,1,0,1,1,-1363.95,369,3579,0,0,0,1;
custom,endCuboid,default,1,0.5,2,1,1,1,0,1,1,-1363.95,369,3579,0,0,0,1;
custom,Prism,default,1,1,1,1,1,1,0,1,1,-1363.75,369,3593,-0.7071068,-0.7071068,7.048163E-05,7.048163E-05;
custom,Prism,default,1,1,1,1,1,1,0,1,1,-1363.75,369,3593,-0.7071068,-0.7071068,7.048163E-05,7.048163E-05;
racing,killCuboid,6,7.5,1,-1389,369,3673.25,0,0,0,1;
custom,cuboid,default,0.9,7.4,0.9,0,1,1,1,1,1,-1414,369,3673.25,0,0,0,1;
racing,killCuboid,3.5,7.5,1,-1539.5,369,3579,0,0,0,1;
custom,endCuboid,default,1.5,0.5,2,1,1,1,0,1,1,-1604.5,387.75,3555,0,0,0,1;
custom,endCuboid,default,1.5,0.5,2,1,1,1,0,1,1,-1604.5,387.75,3555,0,0,0,1;
custom,endPrism,default,1,1.5,1,1,1,1,0,1,1,-1604.15,387.75,3541,-7.071775E-05,7.071775E-05,-0.7071068,0.7071068;
custom,endPrism,default,1,1.5,1,1,1,1,0,1,1,-1604.15,387.75,3541,-7.071775E-05,7.071775E-05,-0.7071068,0.7071068;
racing,killCuboid,4.5,0.5,14,-1574.5,369,3514,0,0,0,1;
racing,killCuboid,0.5,4,4,-1554.5,351.5,3554,0,0,0,1;
racing,killCuboid,0.5,3.5,4,-1549.5,349,3554,0,0,0,1;
racing,killCuboid,0.5,3,4,-1544.5,346.5,3554,0,0,0,1;
racing,killCuboid,0.5,2.5,4,-1539.5,344,3554,0,0,0,1;
racing,killCuboid,0.5,2,4,-1534.5,341.5,3554,0,0,0,1;
racing,killCuboid,0.5,1.5,4,-1529.5,339,3554,0,0,0,1;
racing,killCuboid,0.5,1,4,-1524.5,336.5,3554,0,0,0,1;
racing,killCuboid,0.5,0.5,4,-1519.5,334,3554,0,0,0,1;
racing,killCuboid,18.8,7.5,0.5,-1463,369,3531.5,0,0,0,1;
custom,endCuboid,default,2,0.5,0.5,0,1,1,1,1,1,-1464.5,369,3531.4,0,0,0,1;
custom,endCuboid,default,2,0.5,0.5,0,1,1,1,1,1,-1464.5,369,3531.4,0,0,0,1;
custom,endPrism,default,1,0.5,1,1,1,1,0,1,1,-1478.5,369,3531.4,0.5,0.5,0.5,0.5;
custom,endPrism,default,1,0.5,1,1,1,1,0,1,1,-1478.5,369,3531.4,0.5,0.5,0.5,0.5;
racing,killCuboid,18.5,7.5,0.5,-1464.5,369,3486.5,0,0,0,1;
custom,endCuboid,default,2,0.5,0.5,0,1,1,1,1,1,-1464.5,369,3486.5,0,0,0,1;
custom,endCuboid,default,2,0.5,0.5,0,1,1,1,1,1,-1464.5,369,3486.5,0,0,0,1;
custom,endPrism,default,1,0.5,1,1,1,1,0,1,1,-1450.5,369,3486.4,-0.5,-0.5,0.5,0.5;
custom,endPrism,default,1,0.5,1,1,1,1,0,1,1,-1450.5,369,3486.4,-0.5,-0.5,0.5,0.5;
racing,killCuboid,0.5,4,4,-1554.5,351.5,3464,0,0,0,1;
racing,killCuboid,0.5,3.5,4,-1549.5,349,3464,0,0,0,1;
racing,killCuboid,0.5,3,4,-1544.5,346.5,3464,0,0,0,1;
racing,killCuboid,0.5,2.5,4,-1539.5,344,3464,0,0,0,1;
racing,killCuboid,0.5,2,4,-1534.5,341.5,3464,0,0,0,1;
racing,killCuboid,0.5,1.5,4,-1529.5,339,3464,0,0,0,1;
racing,killCuboid,0.5,1,4,-1524.5,336.5,3464,0,0,0,1;
racing,killCuboid,0.5,0.5,4,-1519.5,334,3464,0,0,0,1;
racing,killCuboid,0.5,4,4,-1554.5,386.5,3509,0,0,0,1;
racing,killCuboid,0.5,3.5,4,-1549.5,389,3509,0,0,0,1;
racing,killCuboid,0.5,3,4,-1544.5,391.5,3509,0,0,0,1;
racing,killCuboid,0.5,2.5,4,-1539.5,394,3509,0,0,0,1;
racing,killCuboid,0.5,2,4,-1534.5,396.5,3509,0,0,0,1;
racing,killCuboid,0.5,1.5,4,-1529.5,399,3509,0,0,0,1;
racing,killCuboid,0.5,1,4,-1524.5,401.5,3509,0,0,0,1;
racing,killCuboid,0.5,0.5,4,-1519.5,404,3509,0,0,0,1;
racing,killCuboid,4,4,1,-1577,386.5,3579,0,0,0,1;
custom,endPrism,default,1,1.5,1,1,1,1,0,1,1,-1555,369,3721.2,-0.5,-0.5,0.5,0.5;
custom,endPrism,default,1,1.5,1,1,1,1,0,1,1,-1555,369,3721.2,-0.5,-0.5,0.5,0.5;
racing,killCuboid,0.5,7.5,9,-1554.5,369,3629,0,0,0,1;
racing,killCuboid,0.5,4.5,5.4,-1554.5,369,3629,0,0,0,1;
racing,killCuboid,0.5,7.5,5,-1514.5,369,3689,0,0,0,1;
racing,killCuboid,0.5,4.5,3,-1514.5,369,3689,0,0,0,1;
custom,cuboid,default,6.3,8.05,0.8,0,1,1,1,1,1,-1434.5,365.25,3629,0,0,0,1;
racing,killCuboid,6.5,8.25,1,-1434.5,365.25,3629,0,0,0,1;
racing,killCuboid,5.575,0.375,1,-1489.5,322.125,3628.64,0,0.9986178,0,0.05255884;
racing,killCuboid,5.8,0.375,1,-1489.6,318.375,3624,0,0.9938837,0,0.1104315;
racing,killCuboid,6.025,0.375,1,-1488.85,314.625,3619.3,0,0.9847836,0,0.1737853;
racing,killCuboid,6.5,0.375,1,-1488.3,310.875,3613.9,0,0.9701425,0,0.2425356;
racing,killCuboid,7.5,0.375,1,-1488.5,307.125,3606.5,0,0.9486833,0,0.3162278;
racing,killCuboid,7,0.375,1,-1482.6,303.375,3604.7,0,0.919145,0,0.3939193;
racing,killCuboid,6.2,0.375,1,-1476,299.625,3605.4,0,0.8804711,0,0.4740998;
racing,killCuboid,5.8,0.375,1,-1471,295.875,3605.42,0,0.8320503,0,0.5547002;
racing,killCuboid,5.575,0.375,1,-1466.36,292.125,3605.47,0,0.7739573,0,0.6332378;
racing,killCuboid,5,0.375,1,-1462,288.375,3604,0,0.7071068,0,0.7071068;
racing,killCuboid,5.575,0.375,1,-1457.64,284.625,3605.47,0,0.6332378,0,0.7739573;
racing,killCuboid,5.8,0.375,1,-1453,280.875,3605.42,0,0.5547002,0,0.8320503;
racing,killCuboid,6.2,0.375,1,-1448,277.125,3605.4,0,0.4740998,0,0.8804711;
racing,killCuboid,7,0.375,1,-1441.4,273.375,3604.7,0,0.3939193,0,0.919145;
racing,killCuboid,7.25,0.375,1,-1435.5,269.625,3606.5,0,0.3162278,0,0.9486833;
racing,killCuboid,6.4,0.375,1,-1433.7,265.875,3612.4,0,0.2425356,0,0.9701425;
racing,killCuboid,6.2,0.375,1,-1434.4,262.125,3619,0,0.1737853,0,0.9847836;
racing,killCuboid,5.8,0.375,1,-1434.4,258.375,3624,0,0.1104315,0,0.9938837;
racing,killCuboid,5.575,0.375,1,-1434.5,254.625,3628.6,0,0.05255884,0,0.9986178;
racing,killCuboid,5.5,0.375,1,-1434.5,250.875,3633,0,0,0,1;
misc,region,-2FLOOR,1,1,1,-1462,245.25,3504,0,0,0,1;
racing,killCuboid,30,0.75,15,-1462,245.25,3504,0,0,0,1;
racing,killCuboid,10,0.75,15,-1562,245.25,3654,0,0,0,1;
racing,killCuboid,10,0.75,10,-1462,245.25,3679,0,0,0,1;
racing,killCuboid,10,0.75,15,-1362,245.25,3654,0,0,0,1;
racing,killCuboid,5.575,0.375,1,-1489.5,239.625,3628.64,0,0.9986178,0,0.05255884;
racing,killCuboid,5.8,0.375,1,-1489.6,235.875,3624,0,0.9938837,0,0.1104315;
racing,killCuboid,6.025,0.375,1,-1488.85,232.125,3619.3,0,0.9847836,0,0.1737853;
racing,killCuboid,6.5,0.375,1,-1488.3,228.375,3613.9,0,0.9701425,0,0.2425356;
racing,killCuboid,7.5,0.375,1,-1488.5,224.625,3606.5,0,0.9486833,0,0.3162278;
racing,killCuboid,7,0.375,1,-1482.6,220.875,3604.7,0,0.919145,0,0.3939193;
racing,killCuboid,6.2,0.375,1,-1476,217.125,3605.4,0,0.8804711,0,0.4740998;
racing,killCuboid,5.8,0.375,1,-1471,213.375,3605.42,0,0.8320503,0,0.5547002;
racing,killCuboid,5.575,0.375,1,-1466.36,209.625,3605.47,0,0.7739573,0,0.6332378;
racing,killCuboid,5,0.375,1,-1462,205.875,3604,0,0.7071068,0,0.7071068;
racing,killCuboid,5.575,0.375,1,-1457.64,202.125,3605.47,0,0.6332378,0,0.7739573;
racing,killCuboid,5.8,0.375,1,-1453,198.375,3605.42,0,0.5547002,0,0.8320503;
racing,killCuboid,6.2,0.375,1,-1448,194.625,3605.4,0,0.4740998,0,0.8804711;
racing,killCuboid,7,0.375,1,-1441.4,190.875,3604.7,0,0.3939193,0,0.919145;
racing,killCuboid,7.25,0.375,1,-1435.5,187.125,3606.5,0,0.3162278,0,0.9486833;
racing,killCuboid,6.4,0.375,1,-1433.7,183.375,3612.4,0,0.2425356,0,0.9701425;
racing,killCuboid,6.2,0.375,1,-1434.4,179.625,3619,0,0.1737853,0,0.9847836;
racing,killCuboid,5.8,0.375,1,-1434.4,175.875,3624,0,0.1104315,0,0.9938837;
racing,killCuboid,5.575,0.375,1,-1434.5,172.125,3628.6,0,0.05255884,0,0.9986178;
racing,killCuboid,5.5,0.375,1,-1434.5,168.375,3633,0,0,0,1;
custom,cuboid,default,2,0.5,1.51,1,1,1,0,1,1,-1434.5,286.5,3721.5,0,0,0,1;
custom,prism,default,1,1.51,1,1,1,1,0,1,1,-1420.5,286.5,3721.2,-0.5,-0.5,0.5,0.5;
custom,cuboid,default,0.8,3.3,5.5,0,1,1,1,1,1,-1407,286.5,3660.5,0,0,0,1;
racing,killCuboid,1,7.5,5.5,-1407,286.5,3661.5,0,0,0,1;
custom,cuboid,default,5,3.3,0.3,0,1,1,1,1,1,-1378,286.5,3686.5,0,0,0,1;
racing,killCuboid,5,7.5,0.5,-1377,286.5,3686.5,0,0,0,1;
custom,prism,default,1,0.51,1,1,1,1,0,1,1,-1365,286.5,3686.4,-0.5,-0.5,0.5,0.5;
custom,endPrism,default,1,1.5,1,1,1,1,0,1,1,-1319.2,286.5,3697.5,-7.071775E-05,7.071775E-05,-0.7071068,0.7071068;
custom,endPrism,default,1,1.5,1,1,1,1,0,1,1,-1319.2,286.5,3697.5,-7.071775E-05,7.071775E-05,-0.7071068,0.7071068;
custom,cuboid,default,4.8,3.3,0.3,0,1,1,1,1,1,-1352,286.5,3656.5,0,0,0,1;
racing,killCuboid,5,7.5,0.5,-1352,286.5,3656.5,0,0,0,1;
custom,prism,default,1,0.51,1,1,1,1,0,1,1,-1365,286.5,3656.6,0.5,0.5,0.5,0.5;
custom,cuboid,default,5,3.3,0.3,0,1,1,1,1,1,-1378,286.5,3626.5,0,0,0,1;
racing,killCuboid,5,7.5,0.5,-1377,286.5,3626.5,0,0,0,1;
custom,prism,default,1,0.51,1,1,1,1,0,1,1,-1365,286.5,3626.4,-0.5,-0.5,0.5,0.5;
custom,cuboid,default,4.8,3.3,0.3,0,1,1,1,1,1,-1352,286.5,3596.5,0,0,0,1;
racing,killCuboid,5,7.5,0.5,-1352,286.5,3596.5,0,0,0,1;
custom,prism,default,1,0.51,1,1,1,1,0,1,1,-1365,286.5,3596.6,0.5,0.5,0.5,0.5;
custom,cuboid,default,5,3.3,0.3,0,1,1,1,1,1,-1378,286.5,3566.5,0,0,0,1;
racing,killCuboid,5,7.5,0.5,-1377,286.5,3566.5,0,0,0,1;
custom,prism,default,1,0.41,1,1,1,1,0,1,1,-1365,286.5,3567,-0.5,-0.5,0.5,0.5;
custom,prism,default,1,0.41,1,1,1,1,0,1,1,-1380,286.5,3566,0.5,0.5,0.5,0.5;
custom,cuboid,default,0.3,3.3,8.8,0,1,1,1,1,1,-1354.5,286.5,3524,0,0,0,1;
racing,killCuboid,0.5,7.5,9,-1354.5,286.5,3524,0,0,0,1;
custom,endPrism,default,1,1.5,1,1,1,1,0,1,1,-1319.2,286.5,3579,-7.071775E-05,7.071775E-05,-0.7071068,0.7071068;
custom,endPrism,default,1,1.5,1,1,1,1,0,1,1,-1319.2,286.5,3579,-7.071775E-05,7.071775E-05,-0.7071068,0.7071068;
custom,endPrism,default,1,1.5,1,1,1,1,0,1,1,-1354.5,286.5,3436.8,0.5,0.5,0.5,0.5;
custom,endPrism,default,1,1.5,1,1,1,1,0,1,1,-1354.5,286.5,3436.8,0.5,0.5,0.5,0.5;
custom,prism,default,1,0.51,1,1,1,1,0,1,1,-1354.4,286.5,3489,-7.071775E-05,7.071775E-05,-0.7071068,0.7071068;
custom,cuboid,default,0.3,3.3,7.8,0,1,1,1,1,1,-1379.5,286.5,3484,0,0,0,1;
racing,killCuboid,0.5,7.5,8,-1379.5,286.5,3484,0,0,0,1;
custom,prism,default,1,0.51,1,1,1,1,0,1,1,-1379.4,286.5,3514,-0.7071068,-0.7071068,7.048163E-05,7.048163E-05;
custom,endCuboid,default,1.25,0.3125,1.5,1,1,1,0,1,1,-1390.25,286.5,3436.5,0,0,0,1;
custom,endCuboid,default,1.25,0.3125,1.5,1,1,1,0,1,1,-1390.25,286.5,3436.5,0,0,0,1;
custom,endPrism,default,0.625,1.5,0.625,1,1,1,0,1,1,-1399,286.5,3436.8,0.5,0.5,0.5,0.5;
custom,endPrism,default,0.625,1.5,0.625,1,1,1,0,1,1,-1399,286.5,3436.8,0.5,0.5,0.5,0.5;
custom,cuboid,default,0.3,3.3,10.5,0,1,1,1,1,1,-1404.5,286.5,3522.5,0,0,0,1;
racing,killCuboid,0.5,7.5,10.5,-1404.5,286.5,3521.5,0,0,0,1;
custom,cuboid,default,8.8,3.3,0.3,0,1,1,1,1,1,-1447,286.5,3471.5,0,0,0,1;
racing,killCuboid,9,7.5,0.5,-1447,286.5,3471.5,0,0,0,1;
custom,prism,default,1,0.41,1,1,1,1,0,1,1,-1459.5,286.5,3472,-0.5,-0.5,0.5,0.5;
custom,cuboid,default,0.3,3.3,4.8,0,1,1,1,1,1,-1489.5,286.5,3494,0,0,0,1;
racing,killCuboid,0.5,7.5,5,-1489.5,286.5,3494,0,0,0,1;
custom,cuboid,default,0.3,3.3,5,0,1,1,1,1,1,-1459.5,286.5,3525,0,0,0,1;
racing,killCuboid,0.5,7.5,5,-1459.5,286.5,3524,0,0,0,1;
custom,cuboid,default,2.5,3.3,10,0,1,1,1,1,1,-1418.5,286.5,3523,0,0,0,1;
racing,killCuboid,2.5,7.5,10,-1419.5,286.5,3524,0,0,0,1;
custom,cuboid,default,6.3,3.3,0.3,0,1,1,1,1,1,-1489.5,286.5,3551.5,0,0,0,1;
racing,killCuboid,6.5,7.5,0.5,-1489.5,286.5,3551.5,0,0,0,1;
custom,prism,default,1,0.41,1,1,1,1,0,1,1,-1490,286.5,3550.85,-0.5,-0.5,0.5,0.5;
custom,prism,default,1,0.9,1,1,1,1,0,1,1,-1445,286.5,3578.6,0.5,0.5,0.5,0.5;
custom,cuboid,default,0.3,3.3,10.8,0,1,1,1,1,1,-1519.5,286.5,3499,0,0,0,1;
racing,killCuboid,0.5,7.5,11,-1519.5,286.5,3499,0,0,0,1;
custom,cuboid,default,0.51,0.3125,1.25,1,1,1,0,1,1,-1519.5,286.5,3455,0,0,0,1;
custom,prism,default,0.625,0.51,0.625,1,1,1,0,1,1,-1519.4,286.5,3463.75,-0.7071068,-0.7071068,7.048163E-05,7.048163E-05;
custom,cuboid,default,0.3,3.8,2,0,1,1,1,1,1,-1519.5,269,3564,0,0,0,1;
racing,killCuboid,0.5,4,2.2,-1519.5,269,3564,0,0,0,1;
racing,killCuboid,0.5,3.5,2,-1514.5,266.5,3564,0,0,0,1;
racing,killCuboid,0.5,3,2,-1509.5,264,3564,0,0,0,1;
racing,killCuboid,0.5,2.5,2,-1504.5,261.5,3564,0,0,0,1;
racing,killCuboid,0.5,2,2,-1499.5,259,3564,0,0,0,1;
racing,killCuboid,0.5,1.5,2,-1494.5,256.5,3564,0,0,0,1;
racing,killCuboid,0.5,1,2,-1489.5,254,3564,0,0,0,1;
racing,killCuboid,0.5,0.5,2,-1484.5,251.5,3564,0,0,0,1;
custom,cuboid,default,7.8,0.3,3.3,0,1,1,1,1,1,-1557,286.5,3566.5,0,0,0,1;
racing,killCuboid,8,0.5,3.5,-1557,286.5,3566.5,0,0,0,1;
custom,cuboid,default,0.3,3.8,3.3,0,1,1,1,1,1,-1559.5,269,3566.5,0,0,0,1;
racing,killCuboid,0.5,3.8,3.5,-1559.5,268,3566.5,0,0,0,1;
custom,cuboid,default,0.3,7.3,8.3,0,1,1,1,1,1,-1559.5,286.5,3511.5,0,0,0,1;
racing,killCuboid,0.5,7.5,8.5,-1559.5,286.5,3511.5,0,0,0,1;
custom,cuboid,default,3.5,3.8,0.3,0,1,1,1,1,1,-1578.5,269,3551.5,0,0,0,1;
racing,killCuboid,3.5,4,0.5,-1579.5,269,3551.5,0,0,0,1;
racing,killCuboid,3.5,3.5,0.5,-1579.5,266.5,3546.5,0,0,0,1;
racing,killCuboid,3.5,3,0.5,-1579.5,264,3541.5,0,0,0,1;
racing,killCuboid,3.5,2.5,0.5,-1579.5,261.5,3536.5,0,0,0,1;
racing,killCuboid,3.5,2,0.5,-1579.5,259,3531.5,0,0,0,1;
racing,killCuboid,3.5,1.5,0.5,-1579.5,256.5,3526.5,0,0,0,1;
racing,killCuboid,3.5,1,0.5,-1579.5,254,3521.5,0,0,0,1;
racing,killCuboid,3.5,0.5,0.5,-1579.5,251.5,3516.5,0,0,0,1;
custom,cuboid,default,3.7,3.8,0.3,0,1,1,1,1,1,-1539.5,304,3551.5,0,0,0,1;
racing,killCuboid,3.5,4,0.5,-1539.5,304,3551.5,0,0,0,1;
racing,killCuboid,3.5,3.5,0.5,-1539.5,306.5,3546.5,0,0,0,1;
racing,killCuboid,3.5,3,0.5,-1539.5,309,3541.5,0,0,0,1;
racing,killCuboid,3.5,2.5,0.5,-1539.5,311.5,3536.5,0,0,0,1;
racing,killCuboid,3.5,2,0.5,-1539.5,314,3531.5,0,0,0,1;
racing,killCuboid,3.5,1.5,0.5,-1539.5,316.5,3526.5,0,0,0,1;
racing,killCuboid,3.5,1,0.5,-1539.5,319,3521.5,0,0,0,1;
racing,killCuboid,3.5,0.5,0.5,-1539.5,321.5,3516.5,0,0,0,1;
custom,cuboid,default,3.8,7.3,0.8,0,1,1,1,1,1,-1577,286.5,3579,0,0,0,1;
racing,killCuboid,4,7.5,1,-1577,286.5,3579,0,0,0,1;
custom,cuboid,default,3.7,3.8,0.8,0,1,1,1,1,1,-1539.5,304,3579,0,0,0,1;
racing,killCuboid,3.5,4,1,-1539.5,304,3579,0,0,0,1;
custom,endPrism,default,1,1.5,1,1,1,1,0,1,1,-1604.15,305.25,3561.5,-7.071775E-05,7.071775E-05,-0.7071068,0.7071068;
custom,endPrism,default,1,1.5,1,1,1,1,0,1,1,-1604.15,305.25,3561.5,-7.071775E-05,7.071775E-05,-0.7071068,0.7071068;
custom,endPrism,default,1,1.5,1,1,1,1,0,1,1,-1554,286.5,3436.25,-0.5,-0.5,0.5,0.5;
custom,endPrism,default,1,1.5,1,1,1,1,0,1,1,-1554,286.5,3436.25,-0.5,-0.5,0.5,0.5;
custom,cuboid,default,4.05,7.3,0.3,0,1,1,1,1,1,-1533.25,286.5,3626.5,0,0,0,1;
racing,killCuboid,4.25,7.5,0.5,-1533.25,286.5,3626.5,0,0,0,1;
custom,prism,default,1,0.41,1,1,1,1,0,1,1,-1535.95,267.75,3625.9,0.5,0.5,0.5,0.5;
custom,prism,default,1,0.41,1,1,1,1,0,1,1,-1535.95,286.5,3627.1,-0.5,-0.5,0.5,0.5;
racing,killCuboid,0.5,7.5,3.5,-1552,286.5,3641.5,0,0,0,1;
custom,cylinder,default,0.9,3.65,0.9,0,1,1,1,1,1,-1552,286.5,3658,0,0,0,1;
racing,killCylinder,1,3.75,1,-1552,286.5,3658,0,0,0,1;
racing,killCuboid,4.25,7.5,3.5,-1488.25,286.5,3696.5,0,0,0,1;
misc,region,-3FLOOR,1,1,1,-1462,162.75,3504,0,0,0,1;
racing,killCuboid,30,0.75,15,-1462,162.75,3504,0,0,0,1;
racing,killCuboid,10,0.75,15,-1562,162.75,3654,0,0,0,1;
racing,killCuboid,10,0.75,10,-1462,162.75,3679,0,0,0,1;
racing,killCuboid,10,0.75,15,-1362,162.75,3654,0,0,0,1;
racing,killCuboid,5.575,0.375,1,-1489.5,157.125,3628.64,0,0.9986178,0,0.05255884;
racing,killCuboid,5.8,0.375,1,-1489.6,153.375,3624,0,0.9938837,0,0.1104315;
racing,killCuboid,6.025,0.375,1,-1488.85,149.625,3619.3,0,0.9847836,0,0.1737853;
racing,killCuboid,6.5,0.375,1,-1488.3,145.875,3613.9,0,0.9701425,0,0.2425356;
racing,killCuboid,7.5,0.375,1,-1488.5,142.125,3606.5,0,0.9486833,0,0.3162278;
racing,killCuboid,7,0.375,1,-1482.6,138.375,3604.7,0,0.919145,0,0.3939193;
racing,killCuboid,6.2,0.375,1,-1476,134.625,3605.4,0,0.8804711,0,0.4740998;
racing,killCuboid,5.8,0.375,1,-1471,130.875,3605.42,0,0.8320503,0,0.5547002;
racing,killCuboid,5.575,0.375,1,-1466.36,127.125,3605.47,0,0.7739573,0,0.6332378;
racing,killCuboid,5,0.375,1,-1462,123.375,3604,0,0.7071068,0,0.7071068;
racing,killCuboid,5.575,0.375,1,-1457.64,119.625,3605.47,0,0.6332378,0,0.7739573;
racing,killCuboid,5.8,0.375,1,-1453,115.875,3605.42,0,0.5547002,0,0.8320503;
racing,killCuboid,6.2,0.375,1,-1448,112.125,3605.4,0,0.4740998,0,0.8804711;
racing,killCuboid,7,0.375,1,-1441.4,108.375,3604.7,0,0.3939193,0,0.919145;
racing,killCuboid,7.25,0.375,1,-1435.5,104.625,3606.5,0,0.3162278,0,0.9486833;
racing,killCuboid,6.4,0.375,1,-1433.7,100.875,3612.4,0,0.2425356,0,0.9701425;
racing,killCuboid,6.2,0.375,1,-1434.4,97.125,3619,0,0.1737853,0,0.9847836;
racing,killCuboid,5.8,0.375,1,-1434.4,93.375,3624,0,0.1104315,0,0.9938837;
racing,killCuboid,5.575,0.375,1,-1434.5,89.625,3628.6,0,0.05255884,0,0.9986178;
racing,killCuboid,5.5,0.375,1,-1434.5,85.875,3633,0,0,0,1;
custom,cuboid,default,2,0.5,1.51,1,1,1,0,1,1,-1434.5,204,3721.5,0,0,0,1;
custom,prism,default,1,1.51,1,1,1,1,0,1,1,-1420.5,204,3721.2,-0.5,-0.5,0.5,0.5;
racing,killCuboid,1,7.5,2.5,-1407,204,3646.5,0,0,0,1;
racing,killCuboid,1,7.5,1.5,-1407,204,3706.5,0,0,0,1;
racing,killCuboid,4,7.5,9.5,-1347,204,3666.5,0,0,0,1;
custom,endCuboid,default,0.5,0.5,2,1,1,1,0,1,1,-1364.65,204,3676.5,0,0,0,1;
custom,endCuboid,default,0.5,0.5,2,1,1,1,0,1,1,-1364.65,204,3676.5,0,0,0,1;
custom,endPrism,default,1,0.5,1,1,1,1,0,1,1,-1364.75,204,3662.5,7.071775E-05,7.071775E-05,0.7071068,0.7071068;
custom,endPrism,default,1,0.5,1,1,1,1,0,1,1,-1364.75,204,3662.5,7.071775E-05,7.071775E-05,0.7071068,0.7071068;
custom,cylinder,default,0.9,3.65,0.9,0,1,1,1,1,1,-1367,204,3619,0,0,0,1;
racing,killCylinder,1,3.75,1,-1367,204,3619,0,0,0,1;
custom,cuboid,default,4,7.3,0.3,0,1,1,1,1,1,-1383,204,3576.5,0,0,0,1;
racing,killCuboid,4,7.5,0.5,-1382,204,3576.5,0,0,0,1;
custom,prism,default,1,0.41,1,1,1,1,0,1,1,-1382,204,3577,-0.5,-0.5,0.5,0.5;
racing,killCuboid,0.5,7.5,10,-1364.5,204,3529,0,0,0,1;
racing,killCuboid,0.5,4.5,6,-1364.5,204,3529,0,0,0,1;
custom,cylinder,default,0.9,3.65,0.9,0,1,1,1,1,1,-1364.5,204,3481.5,0,0,0,1;
racing,killCylinder,1,3.75,1,-1364.5,204,3481.5,0,0,0,1;
racing,killCuboid,10,7.5,0.5,-1412,204,3481.5,0,0,0,1;
racing,killCuboid,6,4.5,0.5,-1412,204,3481.5,0,0,0,1;
custom,cylinder,default,0.9,3.65,0.9,0,1,1,1,1,1,-1459.5,204,3481.5,0,0,0,1;
racing,killCylinder,1,3.75,1,-1459.5,204,3481.5,0,0,0,1;
custom,endPrism,default,1,0.5,1,1,1,1,0,1,1,-1459.45,221.5,3461.5,-0.7071068,-0.7071068,7.048163E-05,7.048163E-05;
custom,endPrism,default,1,0.5,1,1,1,1,0,1,1,-1459.45,221.5,3461.5,-0.7071068,-0.7071068,7.048163E-05,7.048163E-05;
racing,killCuboid,0.5,4,3.5,-1459.5,221.5,3461.5,0,0,0,1;
racing,killCuboid,0.5,3.5,3.5,-1454.5,224,3461.5,0,0,0,1;
racing,killCuboid,0.5,3,3.5,-1449.5,226.5,3461.5,0,0,0,1;
racing,killCuboid,0.5,2.5,3.5,-1444.5,229,3461.5,0,0,0,1;
racing,killCuboid,0.5,2,3.5,-1439.5,231.5,3461.5,0,0,0,1;
racing,killCuboid,0.5,1.5,3.5,-1434.5,234,3461.5,0,0,0,1;
racing,killCuboid,0.5,1,3.5,-1429.5,236.5,3461.5,0,0,0,1;
racing,killCuboid,0.5,0.5,3.5,-1424.5,239,3461.5,0,0,0,1;
racing,killCuboid,4.5,0.5,8,-1479.5,204,3484,0,0,0,1;
racing,killCuboid,0.5,4,4,-1459.5,186.5,3504,0,0,0,1;
custom,endPrism,default,1,0.5,1,1,1,1,0,1,1,-1480,186.5,3526.6,0.5,0.5,0.5,0.5;
custom,endPrism,default,1,0.5,1,1,1,1,0,1,1,-1480,186.5,3526.6,0.5,0.5,0.5,0.5;
racing,killCuboid,14,7.5,0.5,-1527,204,3526.5,0,0,0,1;
custom,cylinder,default,0.9,3.65,0.9,0,1,1,1,1,1,-1459.5,204,3526.5,0,0,0,1;
racing,killCylinder,1,3.75,1,-1459.5,204,3526.5,0,0,0,1;
racing,killCuboid,10,4,4.5,-1547,221.5,3501.5,0,0,0,1;
racing,killCuboid,6.5,3.5,0.5,-1529.5,184,3481.5,0,0,0,1;
custom,cylinder,default,0.9,3.65,0.9,0,1,1,1,1,1,-1499.5,204,3481.5,0,0,0,1;
racing,killCylinder,1,3.75,1,-1499.5,204,3481.5,0,0,0,1;
custom,cylinder,default,0.9,3.65,0.9,0,1,1,1,1,1,-1559.5,204,3481.5,0,0,0,1;
racing,killCylinder,1,3.75,1,-1559.5,204,3481.5,0,0,0,1;
custom,endPrism,default,1,0.5,1,1,1,1,0,1,1,-1499.35,186.5,3461.5,-0.7071068,-0.7071068,7.048163E-05,7.048163E-05;
custom,endPrism,default,1,0.5,1,1,1,1,0,1,1,-1499.35,186.5,3461.5,-0.7071068,-0.7071068,7.048163E-05,7.048163E-05;
racing,killCuboid,0.5,4,3.5,-1499.5,186.5,3461.5,0,0,0,1;
racing,killCuboid,0.5,3.5,3.5,-1504.5,184,3461.5,0,0,0,1;
racing,killCuboid,0.5,3,3.5,-1509.5,181.5,3461.5,0,0,0,1;
racing,killCuboid,0.5,2.5,3.5,-1514.5,179,3461.5,0,0,0,1;
racing,killCuboid,0.5,2,3.5,-1519.5,176.5,3461.5,0,0,0,1;
racing,killCuboid,0.5,1.5,3.5,-1524.5,174,3461.5,0,0,0,1;
racing,killCuboid,0.5,1,3.5,-1529.5,171.5,3461.5,0,0,0,1;
racing,killCuboid,0.5,0.5,3.5,-1534.5,169,3461.5,0,0,0,1;
custom,cuboid,lava1,3,0.5,3,0,1,1,1,0.75,0.75,-1382,204,3529,0,0,0,1;
racing,checkpointCuboid,1,2,1,-1382,216.5,3529,0,0,0,1;
racing,killCuboid,3.5,7.5,0.5,-1539.5,204,3576.5,0,0,0,1;
racing,killCuboid,3,7.5,0.5,-1582.5,204,3626.5,0,0,0,1;
racing,killCuboid,3.5,7.5,3.5,-1579.5,204,3696.5,0,0,0,1;
racing,killCuboid,3.5,7.5,3.5,-1484.5,204,3696.5,0,0,0,1;
misc,region,-4FLOOR,1,1,1,-1462,80.25,3504,0,0,0,1;
racing,killCuboid,30,0.375,15,-1462,82.125,3504,0,0,0,1;
racing,killCuboid,10,0.375,15,-1562,82.125,3654,0,0,0,1;
racing,killCuboid,10,0.375,10,-1462,82.125,3679,0,0,0,1;
racing,killCuboid,10,0.375,15,-1362,82.125,3654,0,0,0,1;
racing,killCuboid,5.5,0.375,0.5,-1489.5,78.375,3629,0,0,0,1;
racing,killCuboid,5.575,0.375,1,-1489.5,74.625,3628.64,0,0.9986178,0,0.05255884;
racing,killCuboid,5.8,0.375,1,-1489.6,70.875,3624,0,0.9938837,0,0.1104315;
racing,killCuboid,6.025,0.375,1,-1488.85,67.125,3619.3,0,0.9847836,0,0.1737853;
racing,killCuboid,6.5,0.375,1,-1488.3,63.375,3613.9,0,0.9701425,0,0.2425356;
racing,killCuboid,7.5,0.375,1,-1488.5,59.625,3606.5,0,0.9486833,0,0.3162278;
racing,killCuboid,7,0.375,1,-1482.6,55.875,3604.7,0,0.919145,0,0.3939193;
racing,killCuboid,6.2,0.375,1,-1476,52.125,3605.4,0,0.8804711,0,0.4740998;
racing,killCuboid,5.8,0.375,1,-1471,48.375,3605.42,0,0.8320503,0,0.5547002;
racing,killCuboid,5.575,0.375,1,-1466.36,44.625,3605.47,0,0.7739573,0,0.6332378;
racing,killCuboid,5,0.375,1,-1462,40.875,3604,0,0.7071068,0,0.7071068;
racing,killCuboid,5.575,0.375,1,-1457.64,37.125,3605.47,0,0.6332378,0,0.7739573;
racing,killCuboid,5.8,0.375,1,-1453,33.375,3605.42,0,0.5547002,0,0.8320503;
racing,killCuboid,6.2,0.375,1,-1448,29.625,3605.4,0,0.4740998,0,0.8804711;
racing,killCuboid,7,0.375,1,-1441.4,25.875,3604.7,0,0.3939193,0,0.919145;
racing,killCuboid,7.25,0.375,1,-1435.5,22.125,3606.5,0,0.3162278,0,0.9486833;
racing,killCuboid,6.4,0.375,1,-1433.7,18.375,3612.4,0,0.2425356,0,0.9701425;
racing,killCuboid,6.2,0.375,1,-1434.4,14.625,3619,0,0.1737853,0,0.9847836;
racing,killCuboid,5.8,0.375,1,-1434.4,10.875,3624,0,0.1104315,0,0.9938837;
racing,killCuboid,5.575,0.375,1,-1434.5,7.125,3628.6,0,0.05255884,0,0.9986178;
custom,cuboid,default,2,0.5,1.51,1,1,1,0,1,1,-1434.5,121.5,3721.5,0,0,0,1;
custom,prism,default,1,1.51,1,1,1,1,0,1,1,-1420.5,121.5,3721.2,-0.5,-0.5,0.5,0.5;
custom,cuboid,default,1.51,0.5,2,1,1,1,0,1,1,-1319.5,121.5,3677.5,0,0,0,1;
custom,prism,default,1,1.51,1,1,1,1,0,1,1,-1319.8,121.5,3663.5,7.071775E-05,7.071775E-05,0.7071068,0.7071068;
racing,killCuboid,4,7.5,0.5,-1347,121.5,3631.5,0,0,0,1;
racing,killCuboid,3,5.625,0.5,-1347,121.5,3631.5,0,0,0,1;
custom,cuboid,default,0.8,7.3,0.8,0,1,1,1,1,1,-1367,121.5,3631.5,0,0,0,1;
racing,killCuboid,1,7.5,1,-1367,121.5,3631.5,0,0,0,1;
racing,killCuboid,3.5,7.5,0.5,-1384.5,121.5,3579,0,0,0,1;
racing,killCuboid,2.625,5.625,0.5,-1384.5,121.5,3579,0,0,0,1;
custom,cuboid,default,0.8,7.3,0.8,0,1,1,1,1,1,-1367,121.5,3579,0,0,0,1;
racing,killCuboid,1,7.5,1,-1367,121.5,3579,0,0,0,1;
custom,cuboid,default,14.8,7.3,0.3,0,1,1,1,1,1,-1402,121.5,3531.5,0,0,0,1;
racing,killCuboid,15,7.5,0.5,-1402,121.5,3531.5,0,0,0,1;
racing,killCuboid,0.5,7.5,9,-1519.5,121.5,3529,0,0,0,1;
racing,killCuboid,0.5,5.8,7,-1519.5,121.5,3529,0,0,0,1;
custom,endPrism,default,1,0.5,1,1,1,1,0,1,1,-1519.4,121.5,3529,7.071775E-05,7.071775E-05,0.7071068,0.7071068;
custom,endPrism,default,1,0.5,1,1,1,1,0,1,1,-1519.4,121.5,3529,7.071775E-05,7.071775E-05,0.7071068,0.7071068;
custom,cuboid,default,15.3,7.3,0.3,0,1,1,1,1,1,-1444.5,121.5,3486.5,0,0,0,1;
racing,killCuboid,15.5,7.5,0.5,-1444.5,121.5,3486.5,0,0,0,1;
custom,prism,default,1,1.51,1,1,1,1,0,1,1,-1319.8,121.5,3486.5,7.071775E-05,7.071775E-05,0.7071068,0.7071068;
custom,prism,default,1,1.51,1,1,1,1,0,1,1,-1604.15,121.5,3461.5,-0.7071068,-0.7071068,7.048163E-05,7.048163E-05;
racing,killCuboid,2.5,7.5,0.5,-1584.5,121.5,3486.5,0,0,0,1;
racing,killCuboid,2.5,7.5,0.5,-1534.5,121.5,3486.5,0,0,0,1;
racing,killCuboid,7.5,2.5,0.5,-1559.5,96.5,3486.5,0,0,0,1;
racing,killCuboid,7.5,2.5,0.5,-1559.5,146.5,3486.5,0,0,0,1;
racing,killcuboid,2.5,7.5,0.5,-1584.5,121.5,3556.5,0,0,0,1;
racing,killCuboid,2.5,7.5,0.5,-1534.5,121.5,3556.5,0,0,0,1;
racing,killCuboid,7.5,5,0.5,-1559.5,109,3556.5,0,0,0,1;
custom,endPrism,default,1,0.5,1,1,1,1,0,1,1,-1559.5,121.5,3556.6,0.7071068,0,0,0.7071068;
custom,endPrism,default,1,0.5,1,1,1,1,0,1,1,-1559.5,121.5,3556.6,0.7071068,0,0,0.7071068;
custom,cuboid,default,2,0.5,1.51,1,1,1,0,1,1,-1561.5,121.5,3721.5,0,0,0,1;
custom,prism,default,1,1.51,1,1,1,1,0,1,1,-1547.5,121.5,3721.2,-0.5,-0.5,0.5,0.5;
custom,cuboid,default,0.8,7.3,10.3,0,1,1,1,1,1,-1462,121.5,3676.5,0,0,0,1;
racing,killCuboid,2,7.5,0.5,-1532,121.5,3626.5,0,0,0,1;
racing,killCuboid,2,7.5,0.5,-1587,121.5,3626.5,0,0,0,1;
misc,region,-5FLOOR,1,1,1,-1462,-2.25,3504,0,0,0,1;
racing,checkpointCuboid,8.5,7.5,1,-1369.5,42.5,3721.5,0,0,0,1;
racing,killCuboid,35,1,29,-1252,85,3874,0,0,0,1;
racing,killCuboid,11.5,1,28.5,-1134.5,85,3586.5,0,0,0,1;
racing,killCuboid,22.5,1,50,-1134.5,85,3194,0,0,0,1;
racing,killCuboid,37.5,1,115,-1592,85,2841.5,0,0.6511946,0,-0.7589108;
custom,cuboid,lava1,8.5,0.2,1.5,0,1,1,1,1,0.18,-1369.5,6,3721.5,0,0,0,1;
custom,cuboid,default,2,7.4,2,1,1,0,1,1,1,-1419.5,42.45,3721.5,0,0,0,1;
custom,cuboid,default,2,7.4,2,1,1,0,1,1,1,-1319.5,42.45,3721.5,0,0,0,1;
racing,killCuboid,10,7.5,1,-1362,42.5,3629,0,0,0,1;
racing,killCuboid,1.5,7.5,20.5,-1319.5,42.5,3726.5,0,0,0,1;
custom,cylinder,default,2,3.65,2,1,1,0,1,1,1,-1252,42.5,3829,0,0,0,1;
racing,killCuboid,1,2,10.1,-1252,15,3953.5,0,0,0,1;
racing,killCuboid,1,2,10.1,-1252,70,3953.5,0,0,0,1;
racing,killCylinder,15,3.75,15,-1252,42.5,3829,0,0,0,1;
racing,killCuboid,8.5,1.25,1,-1134.5,42.5,3829,0,0,0,1;
racing,killCuboid,8.5,1.25,1,-1134.5,73.75,3829,0,0,0,1;
racing,killCuboid,3,7.5,1,-1162,42.5,3632.75,0,0,0,1;
racing,killCuboid,3,7.5,1,-1107,42.5,3632.75,0,0,0,1;
racing,killCuboid,1.5,7.5,40,-1184.5,42.5,3629,0,0,0,1;
racing,killCuboid,8.5,1.25,1,-1134.5,11.25,3829,0,0,0,1;
racing,killCuboid,7,7.5,1.5,-1212,42.5,3436.5,0,0,0,1;
custom,cuboid,default,1.8,7.4,1.8,1,1,0,1,1,1,-1184.5,42.45,3436.5,0,0,0,1;
racing,killCuboid,2,7.5,2,-1184.5,42.5,3436.5,0,0,0,1;
racing,killCuboid,1.5,7.5,47.5,-1239.5,42.5,3191.5,0,0,0,1;
custom,cuboid,default,1.8,7.31,1.8,1,1,0,1,1,1,-1239.5,42.5,2955,0,0,0,1;
racing,killCuboid,2,7.5,2,-1239.5,42.5,2955,0,0,0,1;
racing,killCuboid,1,7.5,5,-1239.5,42.5,2885,0,0,0,1;
custom,cuboid,default,1.3,7.3,51.8,0,1,1,1,1,1,-1500,42.5,2994,0,0.6511946,0,-0.7589108;
racing,killCuboid,1.5,7.5,52,-1500,42.5,2994,0,0.6511946,0,-0.7589108;
custom,cuboid,default,1.3,7.3,24.05,0,1,1,1,1,1,-1450.5,42.5,2875,0,0.947681,0,-0.3192189;
racing,killCuboid,1.5,7.5,24.25,-1450.5,42.5,2875,0,0.947681,0,-0.3192189;
custom,cuboid,default,1.8,7.31,1.8,1,1,0,1,1,1,-1521,42.5,2782.5,0,0.947681,0,-0.3192189;
racing,killCuboid,2,7.5,2,-1521,42.5,2782.5,0,0.947681,0,-0.3192189;
racing,killCuboid,1.5,7.5,27,-1822.5,42.5,2920,0,0.9605643,0,-0.2780581;
custom,cuboid,default,1.8,7.31,1.8,1,1,0,1,1,1,-1895,42.5,2810,0,0.9987271,0,-0.05044076;
racing,killCuboid,2,7.5,2,-1895,42.5,2810,0,0.9987271,0,-0.05044076;
racing,killCuboid,28,7.5,1.5,-2040,42.5,2810.5,0,0,0,1;
custom,cuboid,default,1.5,7.5,48.5,0,1,1,1,1,1,0,42.5,275,0,0.9994449,0,0.03331483;
racing,killCuboid,1.7,7.7,48.7,0,42.5,275,0,0.9994449,0,0.03331483;
custom,cuboid,default,32,7.5,1.5,0,1,1,1,1,1,105.5,42.5,480,0,0.9887155,0,-0.1498054;
racing,killCuboid,32.7,7.7,1.7,105.5,42.5,480,0,0.9887155,0,-0.1498054;
custom,cuboid,default,1.75,7.5,1.75,0,1,1,1,1,1,259.75,42.5,431.25,0,0.1595459,0,0.9871905;
racing,killCuboid,1.95,7.7,1.95,259.75,42.5,431.25,0,0.1595459,0,0.9871905;
custom,cuboid,default,1.5,7.5,25,0,1,1,1,1,1,300.25,42.5,558,0,0.1595459,0,0.9871905;
racing,killCuboid,1.7,7.7,25.2,300.25,42.5,558,0,0.1595459,0,0.9871905;
custom,cuboid,default,2,7.5,2,0,1,1,1,1,1,340,42.5,677.3,0,0.1595459,0,0.9871905;
racing,killCuboid,2.2,7.7,2.2,340,42.5,677.3,0,0.1595459,0,0.9871905;
custom,cuboid,default,2,7.5,2,0,1,1,1,1,1,-42.5,42.5,526,0,0.9887155,0,-0.1498054;
racing,killCuboid,2.2,7.7,2.2,-42.5,42.5,526,0,0.9887155,0,-0.1498054;
custom,cuboid,default,1.5,7.5,19,0,1,1,1,1,1,-105,42.5,465,0,0.6,0,-0.8;
racing,killCuboid,1.7,7.7,19.2,-105,42.5,465,0,0.6,0,-0.8;
custom,cuboid,default,1.5,7.5,22,0,1,1,1,1,1,-167.5,42.5,590,0,0.1692401,0,0.9855749;
racing,killCuboid,1.7,7.7,22.2,-167.5,42.5,590,0,0.1692401,0,0.9855749;
custom,cuboid,lava1,17,7.5,1,0,1,1,1,1,0.44,-90,42.5,750,0,0.6283371,0,-0.7779412;
racing,killCuboid,17.1,7.6,1.1,-90,42.5,750,0,0.6283371,0,-0.7779412;
custom,cuboid,lava1,1,7.49,30,0,1,1,1,2,0.5,13.5,42.45,640,0,0.6283371,0,-0.7779412;
racing,killCuboid,1.1,7.59,30.1,13.5,42.45,640,0,0.6283371,0,-0.7779412;
racing,killCylinder,1.2,3.75,1.2,160,42.5,608.5,0,0,0,1;
custom,cuboid,lava1,6,2.5,1,0,1,1,1,0.5,0.21,95,17.5,590,0,0.6283371,0,-0.7779412;
racing,killCuboid,6.1,2.6,1.1,95,17.5,590,0,0.6283371,0,-0.7779412;
racing,killCylinder,1,3,1,95,30,590,0.7065253,0.1486139,0,0.6919075;
racing,killCylinder,1.2,3.75,1.2,212,42.5,708.25,0,0,0,1;
custom,cuboid,lava1,1,7.5,30,0,1,1,1,2,0.5,64,42.5,740,0,0.6283371,0,-0.7779412;
racing,killCuboid,1.1,7.6,30.1,64,42.5,740,0,0.6283371,0,-0.7779412;
racing,killCuboid,4.5,5,1.2,185,55,690,0,0.6283371,0,-0.7779412;
custom,cuboid,lava1,4.5,1,1,0,1,1,1,0.5,0.1,185,35.25,690,0,0.6283371,0,-0.7779412;
custom,cuboid,lava1,28,7.5,1,0,1,1,1,2,0.56,65,42.5,828.5,0,0,0,1;
racing,killCuboid,28.1,7.6,1.1,65,42.5,828.5,0,0,0,1;
custom,cylinder,lava1,1.5,3.75,1.5,0,1,1,1,0.14,1,205,42.5,828.5,0,0.9363292,0,0.3511235;
racing,killCylinder,1.6,3.8,1.6,205,42.5,828.5,0,0.9363292,0,0.3511235;
racing,killCuboid,1.7,8.1,75,291,40.5,1190,0,0.1203314,0,0.9927338;
custom,cuboid,default,2,7.52,2,1,0.2,0.45,1,1,1,335,42.6,1342.5,0,0,0,1;
racing,killCuboid,2.1,7.62,2.1,335,42.6,1342.5,0,0,0,1;
custom,cuboid,default,9,2,1.5,1,0.2,0.45,1,1,1,380,15,1345,0,0,0,1;
racing,killCuboid,9.1,1.9,1.6,380,14.5,1345,0,0,0,1;
custom,cuboid,default,9,2,1.5,1,0.2,0.45,1,1,1,380,70,1345,0,0,0,1;
racing,killCuboid,9.1,2.1,1.6,380,70,1345,0,0,0,1;
custom,cuboid,default,2,7.5,1.5,1,0.2,0.45,1,1,1,345,42.5,1345,0,0,0,1;
racing,killCuboid,2.1,7.6,1.6,345,42.5,1345,0,0,0,1;
custom,cuboid,default,2,7.5,1.5,1,0.2,0.45,1,1,1,415,42.5,1345,0,0,0,1;
racing,killCuboid,2.1,7.6,1.6,415,42.5,1345,0,0,0,1;
racing,checkpointCuboid,9,7.5,1,380,42.5,1345,0,0,0,1;
custom,cuboid,default,1.5,7.5,21,0,1,1,1,1,1,352.5,42.5,1440,0,0.1203314,0,0.9927338;
custom,cuboid,default,1.51,7.52,1.51,1,0.2,0.45,1,1,1,378.4,42.6,1545.284,0,0.1203314,0,0.9927338;
custom,cuboid,default,20,7.5,1.5,0,1,1,1,1,1,227.5,42.5,1345,0,0,0,1;
racing,killCuboid,20.2,7.7,1.7,227.5,42.5,1345,0,0,0,1;
custom,cuboid,default,1.5,7.5,18,0,1,1,1,1,1,172.5,42.5,1425,0,0.1906146,0,0.981665;
racing,killCuboid,1.7,7.7,18.2,172.5,42.5,1425,0,0.1906146,0,0.981665;
custom,cuboid,default,2,7.52,2,1,0.2,0.45,1,1,1,208.5,42.6,1514.5,0,0.1906146,0,0.981665;
racing,killCuboid,2.2,7.72,2.2,208.5,42.6,1514.5,0,0.1906146,0,0.981665;
custom,cuboid,default,61,7.5,1.5,0,1,1,1,1,1,-80,42.5,1641,0,0.2060105,0,0.9785498;
racing,killCuboid,61.2,7.7,1.7,-80,42.5,1641,0,0.2060105,0,0.9785498;
custom,cuboid,default,1.5,7.5,4.5,0,1,1,1,1,1,-182.5,42.5,1717.5,0,0.2060105,0,0.9785498;
racing,killCuboid,1.7,7.7,6,-180.25,42.5,1722.5,0,0.2060105,0,0.9785498;
custom,cuboid,default,1.52,7.52,1.52,1,0.2,0.45,1,1,1,-171.5,42.6,1742.5,0,0.2060105,0,0.9785498;
racing,killCuboid,1,5,6,-158.5,30,1772.5,0,0.2060105,0,0.9785498;
racing,killCuboid,1,4,12,-75,25,1702.5,0,0.2060105,0,0.9785498;
racing,killCuboid,1,3,10,8.5,20,1662.5,0,0.2060105,0,0.9785498;
racing,killCuboid,1.5,6.5,16,-290,32.5,1805,0,0.500011,0,0.8660191;
racing,killPrism,17.5,1.5,17.5,-315.2,57.8,1863.5,0,0.966235,0,0.2576627;
racing,killCuboid,1.5,6.5,16,-215,32.5,1927.5,0,0,0,1;
racing,killCuboid,15,1.5,16,-282.5,57.5,1927.5,0,0,0,1;
racing,killCuboid,1.5,7.7,24.5,-350,42.5,1885,0,0,0,1;
racing,killCuboid,15,7.7,1.5,-282.5,42.5,2000,0,0,0,1;
racing,killCuboid,1.5,7.7,24.5,-350,42.5,1885,0,0,0,1;
racing,killCuboid,15,7.7,1.5,-282.5,42.5,2000,0,0,0,1;
custom,cuboid,default,70.5,7.5,1.5,0,1,1,1,1,1,133,42.5,1972.5,0,0.0403711,0,0.9991848;
racing,killCuboid,70.7,7.7,1.7,133,42.5,1972.5,0,0.0403711,0,0.9991848;
racing,killCuboid,1.7,7.7,7.5,-12,42.5,1940,0,0.0403711,0,0.9991848;
custom,cuboid,default,1.5,7.5,6,0,1,1,1,1,1,-11.5,42.5,1947.5,0,0.0403711,0,0.9991848;
racing,killCuboid,1.7,7.7,5.5,182.5,42.5,1933.5,0,0.0403711,0,0.9991848;
racing,killCuboid,1.7,7.7,1.7,181,42.5,1914.55,0,0.0403711,0,0.9991848;
racing,killCuboid,1.7,7.7,4.5,360,42.5,1924,0,0.0403711,0,0.9991848;
racing,killCuboid,1.7,7.7,1.7,358.9,42.5,1910,0,0.0403711,0,0.9991848;
custom,cuboid,default,1.5,7.5,19.5,0,1,1,1,1,1,477.5,42.5,1855,0,0.07000329,0,0.9975468;
racing,killCuboid,1.7,7.7,20,476,42.5,1845,0,0.07000329,0,0.9975468;
custom,cuboid,default,1.51,7.52,1.51,1,0.2,0.45,1,1,1,463.35,42.6,1754.7,0,0.07000329,0,0.9975468;
custom,cuboid,default,2,7.52,2,1,0.2,0.45,1,1,1,492.5,42.6,1945,0,0.07000329,0,0.9975468;
racing,killCuboid,2.2,7.72,2.2,492.5,42.6,1945,0,0.07000329,0,0.9975468;
custom,cuboid,lava1,3,22.7,1.2,0,1,1,1,0.15,2,530,192.5,1942.5,0,0.07000329,0,0.9975468;
racing,killCuboid,100,1.5,205,0,87.5,987.25,0,0.07000329,0,0.9975468;
racing,killCuboid,9,30,1,530,230,1942.5,0,0.07000329,0,0.9975468;
racing,killCuboid,1,30,14,499.45,155,2012.45,0,0.07000329,0,0.9975468;
racing,killCuboid,1,37.5,14,578.7,192.5,2001.25,0,0.07000329,0,0.9975468;
racing,killCuboid,1,30,14,499.45,155,2012.45,0,0.07000329,0,0.9975468;
racing,killCuboid,1,37.5,14,578.7,192.5,2001.25,0,0.07000329,0,0.9975468;
racing,killCuboid,9,37.5,3,546.75,192.5,2061.25,0,0.07000329,0,0.9975468;
racing,killCuboid,9,37.5,3,546.75,192.5,2061.25,0,0.07000329,0,0.9975468;
racing,killCuboid,9,1.5,14,539,385,2006.75,0,0.07000329,0,0.9975468;
custom,endCuboid,default,1,2,0.5,0,1,1,1,1,1,-142.75,367.75,2130,0,0.1199731,0,0.9927772;
custom,endPrism,default,1,1,1,0,1,1,1,1,1,-142.9,353.75,2130,-0.4383653,0.5548296,0.5548296,0.4383653;
custom,endCuboid,default,1,2,0.5,0,1,1,1,1,1,-142.75,367.75,2130,0,0.1199731,0,0.9927772;
custom,endPrism,default,1,1,1,0,1,1,1,1,1,-142.9,353.75,2130,-0.4383653,0.5548296,0.5548296,0.4383653;
racing,killCuboid,1,5,12.95,-135,355,2162.5,0,0.1199731,0,0.9927772;
custom,cuboid,lava1,2,2,12.95,0,1,1,1,1,0.15,-532.5,385,2227.5,0,0,0,1;
custom,cuboid,lava1,4,2,12.95,0,1,1,1,1,0.15,-400,385,2227.5,0,0,0,1;
custom,cuboid,lava1,4,2,12.95,0,1,1,1,1,0.15,-400,298.75,2227.5,0,0,0,1;
custom,cuboid,lava1,3.9,8,1.9,0,1,1,1,0.15,1,-400,340,2172.75,0,0,0,1;
custom,cuboid,lava1,3.9,8,1.9,0,1,1,1,0.15,1,-400,340,2282.5,0,0,0,1;
racing,killCuboid,24,1.25,12.95,-510,298.75,2227.5,0,0,0,1;
custom,sphere,default,1.5,1.5,1.5,1,0,0.8,0,1,1,-637.5,298.75,2227.5,0,0,0,1;
racing,killCuboid,15,1.25,12.95,-465,385,2227.5,0,0,0,1;
racing,killCuboid,15,8,1.5,-465,340,2170.25,0,0,0,1;
racing,killCuboid,1.5,20,12.95,-637.5,392.5,2227.5,0,0,0,1;
custom,endCuboid,default,1.6,4,1,0,1,1,1,1,1,-637.5,347.75,2227.5,0,0,0,1;
custom,endPrism,default,2,1.6,2.5,0,1,1,1,1,1,-637.2,378,2227.5,0.5,0.5,-0.5,0.5;
custom,endCuboid,default,1.6,4,1,0,1,1,1,1,1,-637.5,347.75,2227.5,0,0,0,1;
custom,endPrism,default,2,1.6,2.5,0,1,1,1,1,1,-637.2,378,2227.5,0.5,0.5,-0.5,0.5;
racing,killCuboid,1.5,30,12.95,-532.5,530,2227.5,0,0,0,1;
racing,killCuboid,12,20,1.5,-585,392.5,2170.25,0,0,0,1;
racing,killCuboid,18,19,1.5,-615,585,2170.25,0,0,0,1;
racing,killCylinder,15,6.475,15,-705,492.5,2227.5,0.7071068,0,0,0.7071068;
custom,cylinder,default,2.5,6.4,2.5,1,0,0.8,0,1,1,-705,492.5,2227.5,0.7071068,0,0,0.7071068;
racing,killCuboid,45,1.5,12.95,-930,560,2227.5,0,0,0,1;
racing,killSphere,2,2,2,-930,616.25,2227.5,0,0,0,1;
racing,killSphere,1.25,1.25,1.25,-930,560,2227.5,0,0,0,1;
racing,killSphere,1.25,1.25,1.25,-930,672.5,2227.5,0,0,0,1;
racing,killSphere,1.25,1.25,1.25,-985,597.5,2227.5,0,0,0,1;
racing,killSphere,1.25,1.25,1.25,-900,597.5,2182.5,0,0,0,1;
racing,killSphere,1.25,1.25,1.25,-900,597.5,2272.5,0,0,0,1;
racing,killSphere,1.25,1.25,1.25,-875,635,2227.5,0,0,0,1;
racing,killSphere,1.25,1.25,1.25,-960,635,2182.5,0,0,0,1;
racing,killSphere,1.25,1.25,1.25,-960,635,2272.5,0,0,0,1;
racing,killCuboid,0.5,12,0.5,-930,616.25,2227,0,0,0,1;
racing,killCuboid,12,0.5,0.5,-930,617.5,2227.5,0,0,0.164399,0.986394;
racing,killCuboid,12,0.5,0.5,-930,617.5,2227.5,-0.07727806,0.462668,-0.1500545,0.8703161;
racing,killCuboid,12,0.5,0.5,-930,617.5,2227.5,-0.07727806,0.462668,0.1500545,-0.8703161;
racing,killCuboid,7,0.5,0.5,-944.6899,654.2252,2249.792,-0.2981384,0.8413596,0.1323093,-0.4309545;
racing,killCuboid,7,0.5,0.5,-945.8246,654.9928,2203.754,-0.2742141,0.8389588,-0.1460361,0.4467978;
racing,killCuboid,7,0.5,0.5,-899.9504,651.8461,2227.085,0.0006760745,-0.00017623,-0.2890455,0.9573151;
racing,killCuboid,7,0.5,0.5,-971.7802,617.3717,2248.679,-0.270306,0.8182244,-0.1619416,0.4808519;
racing,killCuboid,7,0.5,0.5,-971.4976,618.0698,2202.938,0.1738903,0.4765742,0.296047,0.8093179;
racing,killCuboid,7,0.5,0.5,-927.9832,617.3412,2182.514,-0.0004186672,0.001441062,-0.2789913,0.9602925;
racing,killCuboid,7,0.5,0.5,-887.7544,617.0564,2203.769,0.1614408,0.4870109,-0.2700835,-0.8147467;
racing,killCuboid,7,0.5,0.5,-888.1103,616.639,2250.769,-0.2675126,0.8174759,0.1535722,-0.4864009;
racing,killCuboid,7,0.5,0.5,-930.2455,617.5328,2272.752,0.2863559,0.9581173,0.0009778008,0.003271622;
racing,killCuboid,7,0.5,0.5,-914.7841,579.2503,2204.021,-0.2729665,0.8401041,0.1448479,-0.4457954;
racing,killCuboid,7,0.5,0.5,-959.1191,580.6275,2227.417,0.00766666,0.007086535,-0.3055891,0.9521062;
racing,killCuboid,7,0.5,0.5,-913.8999,579.9994,2250.601,0.1503831,0.4471328,-0.2827822,-0.8351595;
racing,killCuboid,73,1.5,12.95,-890,672.5,2227.5,0,0,0,1;
racing,killCuboid,45,12.75,1.5,-930,616.25,2170.25,0,0,0,1;
racing,killCuboid,1.5,20,12.95,-1247.5,580,2227.5,0,0,0,1;
racing,killCuboid,10,20,1.5,-1205,580,2170.25,0,0,0,1;
racing,killCuboid,87.5,1.5,12.95,-863,290,2227.5,0,0,-0.2425356,0.9701425;
racing,killCuboid,1.5,8.25,5.5,-1075,458.25,2249.5,0,0,-0.2425356,0.9701425;
racing,killCuboid,1.5,8.25,5.5,-990,413,2205.25,0,0,-0.2425356,0.9701425;
racing,killCuboid,1.5,6.1875,4.125,-990,413,2205.25,0,0,-0.2425356,0.9701425;
racing,killCuboid,3,8.25,1.5,-820,322.5,2269.5,0,0,-0.2425356,0.9701425;
racing,killCuboid,3,8.25,3,-793.5,308.35,2247,0,0,-0.2425356,0.9701425;
racing,killCuboid,3,8.25,3,-767,294.2,2217,0,0,-0.2425356,0.9701425;
racing,killCuboid,2.25,6.1875,2.25,-767,294.2,2217,0,0,-0.2425356,0.9701425;
racing,killCuboid,3,8.25,1.5,-597,203.7,2185.25,0,0,-0.2425356,0.9701425;
racing,killCuboid,3,8.25,3,-570.5,189.55,2207.75,0,0,-0.2425356,0.9701425;
racing,killCuboid,3,8.25,3,-544,175.4,2237.75,0,0,-0.2425356,0.9701425;
racing,killCuboid,2.25,6.1875,2.25,-544,175.4,2237.75,0,0,-0.2425356,0.9701425;
racing,killCuboid,102,1.5,12.95,-705.3,316.3,2227.5,0,0,-0.2425356,0.9701425;
racing,killCuboid,107.5,8.25,1.5,-752.5,286.25,2170.25,0,0,-0.2425356,0.9701425;
custom,cylinder,default,2.5,6.4,2.5,1,0,0.8,0,1,1,-1152.5,557.5,2227.5,0.7071068,0,0,0.7071068;
racing,killCylinder,2.6,6.5,2.6,-1152.5,557.5,2227.5,0.7071068,0,0,0.7071068;
racing,killCuboid,22.5,7.5,1.5,-375,42.5,2170.5,0,0,0,1;
racing,killCuboid,1.5,7.5,12.9,-270,42.5,2227.5,0,0,0,1;
custom,cylinder,default,2,6.4,2,1,0,0.8,0,1,1,-480,85,2227.5,0.7071068,0,0,0.7071068;
racing,killCylinder,2.1,6.5,2.1,-480,85,2227.5,0.7071068,0,0,0.7071068;
racing,checkpointCuboid,20,1.5,10,-377,85,2227.5,0,0,0,1;
custom,cuboid,lava1,20,0.3,10,0,1,1,1,1,0.5,-377,6.5,2227.5,0,0,0,1;
racing,killCuboid,47.5,7.5,1.5,-700,42.5,2217.5,0,0.1036061,0,0.9946184;
racing,killCuboid,2.5,12,3,-575,40,2245,-0.4445813,0.09879586,0.04445814,0.8891627;
racing,killCuboid,2.5,12,3,-575,40,2245,0.4446736,0.09881636,-0.03952654,0.8893472;
racing,killCuboid,1,2.5,10,-700,17.5,2270,0,0.08304548,0,0.9965458;
racing,killCuboid,1,2.5,10,-700,67.5,2270,0,0.08304548,0,0.9965458;
racing,killCuboid,1,7.5,3,-705.75,42.5,2235.5,0,0.08304548,0,0.9965458;
racing,killCuboid,1,7.5,3,-694.25,42.5,2304.5,0,0.08304548,0,0.9965458;
racing,killCuboid,1,5,10,-790,55,2285,0,0.08304548,0,0.9965458;
custom,endprism,default,2,1,1.154706,0,1,1,1,1,1,-790.1676,40.34132,2285.21,-0.4567502,0.5397956,0.5397956,0.4567502;
custom,endprism,default,2,1,1.154706,0,1,1,1,1,1,-790.1676,40.34132,2285.21,-0.4567502,0.5397956,0.5397956,0.4567502;
racing,killCuboid,1,7.5,2.5,-796.25,42.5,2248,0,0.08304548,0,0.9965458;
racing,killCuboid,1,7.5,2.5,-783.8,42.5,2322,0,0.08304548,0,0.9965458;
racing,killCuboid,1.5,7.5,18,-908,42.5,2345.5,0,0.1036061,0,0.9946184;
racing,killCuboid,12,3.5,2.5,-872.5,62.5,2307.5,0,0.3511235,0,-0.9363292;
racing,killCuboid,2,12,2,-882.5,42.5,2305,0.3582067,0.3786756,-0.2026426,0.8289926;
racing,killCuboid,1.5,10,1.5,-885,20,2290,-0.3959457,0.4009576,0.198474,0.8019153;
racing,killCuboid,11,4.5,2,-865,57.5,2382.5,0,0.3911407,0,0.920331;
racing,killCuboid,1.5,7.5,54,-625,42.5,2407.5,0,0.6842734,0,-0.7292256;
custom,cuboid,default,2,7.49,2,1,0,1,1,1,1,-827.5,42.45,2342.5,0,0.6842734,0,-0.7292256;
racing,killCuboid,2.2,7.69,2.2,-827.5,42.45,2342.5,0,0.6842734,0,-0.7292256;
racing,killCuboid,6.25,4.75,2,-745,56.25,2377,0,0.6842734,0,-0.7292256;
racing,killCuboid,6.25,1.5,2,-745,12.5,2377,0,0.6842734,0,-0.7292256;
custom,cylinder,default,1.5,3.75,1.5,1,0,1,1,1,1,-705,42.5,2465,0,0,0,1;
racing,killCuboid,6.25,3.125,2,-672.5,64.5,2372,0,0.6842734,0,-0.7292256;
racing,killCuboid,6.25,3.125,2,-672.5,20.625,2372,0,0.6842734,0,-0.7292256;
custom,cylinder,default,1.5,3.75,1.5,1,0,1,1,1,1,-622.5,42.5,2460,0,0,0,1;
racing,killCuboid,6.25,1.7,2,-590,71.5,2366.75,0,0.6842734,0,-0.7292256;
racing,killCuboid,6.25,1.7,2,-590,42,2366.75,0,0.6842734,0,-0.7292256;
racing,killCuboid,6.25,1.7,2,-590,13.5,2366.75,0,0.6842734,0,-0.7292256;
racing,killCuboid,0.5,7.5,1,-480,42.5,2331.25,0,0.6842734,0,-0.7292256;
racing,killCuboid,1,7.5,1,-475,42.5,2333.45,0,0.6842734,0,-0.7292256;
racing,killCuboid,1.5,7.5,1,-470,42.5,2335.65,0,0.6842734,0,-0.7292256;
racing,killCuboid,2,7.5,1,-465,42.5,2337.85,0,0.6842734,0,-0.7292256;
racing,killCuboid,2.5,7.5,1,-460,42.5,2340.05,0,0.6842734,0,-0.7292256;
racing,killCuboid,0.5,7.5,1,-476.75,42.5,2388.4,0,0.6842734,0,-0.7292256;
racing,killCuboid,1,7.5,1,-472,42.5,2385.6,0,0.6842734,0,-0.7292256;
racing,killCuboid,1.5,7.5,1,-467.25,42.5,2382.8,0,0.6842734,0,-0.7292256;
racing,killCuboid,2,7.5,1,-462.5,42.5,2380,0,0.6842734,0,-0.7292256;
racing,killCuboid,2.5,7.5,1,-457.75,42.5,2377.2,0,0.6842734,0,-0.7292256;
racing,killCuboid,6.25,0.5,1,-478.2,77.5,2359.95,0,0.6842734,0,-0.7292256;
racing,killCuboid,6.25,1,1,-473.35,75,2359.65,0,0.6842734,0,-0.7292256;
racing,killCuboid,6.25,1.5,1,-468.5,72.5,2359.35,0,0.6842734,0,-0.7292256;
racing,killCuboid,6.25,2,1,-463.65,70,2359.05,0,0.6842734,0,-0.7292256;
racing,killCuboid,6.25,2.5,1,-458.8,67.5,2358.75,0,0.6842734,0,-0.7292256;
racing,killCuboid,6.25,0.5,1,-478.2,7.5,2359.95,0,0.6842734,0,-0.7292256;
racing,killCuboid,6.25,1,1,-473.35,10,2359.65,0,0.6842734,0,-0.7292256;
racing,killCuboid,6.25,1.5,1,-468.5,12.5,2359.35,0,0.6842734,0,-0.7292256;
racing,killCuboid,6.25,2,1,-463.65,15,2359.05,0,0.6842734,0,-0.7292256;
racing,killCuboid,6.25,2.5,1,-458.8,17.5,2358.75,0,0.6842734,0,-0.7292256;
custom,cuboid,default,2,7.51,2,1,0,1,1,1,1,-347.5,42.55,2390,0,0.6842734,0,-0.7292256;
racing,killCuboid,2.2,7.71,2.2,-347.5,42.55,2390,0,0.6842734,0,-0.7292256;
custom,cuboid,default,10,7.5,1.5,0,1,1,1,1,1,-344,42.5,2450,0,0.6842734,0,-0.7292256;
racing,killCuboid,10.2,7.7,1.7,-344,42.5,2450,0,0.6842734,0,-0.7292256;
racing,killCuboid,2,3.125,8,-302.5,64.25,2407.5,0,0.6842734,0,-0.7292256;
racing,killCuboid,2,3.125,8,-302.5,20.625,2407.5,0,0.6842734,0,-0.7292256;
racing,killCuboid,12.5,3.5,1.5,-310,27.5,2470,0.1390923,0.3357401,-0.383703,0.8489429;
racing,killCuboid,12,2,3,-295,69.9,2455,0,0.3807498,0,0.9246781;
racing,killCuboid,45,1.5,27,-700,87.5,2297.75,0,0,0,1;
racing,killCuboid,1.5,7.7,43,-132.5,42.5,2485,0,0.6739143,0,-0.7388096;
racing,killArc180,5,15,5,-187.5,40.9,2460,0,0.6739143,0,-0.7388096;
custom,cylinder,default,1,3.75,1,1,0,1,1,1,1,-182.5,42.5,2482.5,0,0,0,1;
custom,cylinder,default,1,3.75,1,1,0,1,1,1,1,-90,42.5,2413,0,0,0,1;
racing,killCuboid,1.75,2,1,-186.5,15,2429,0,0.6842734,0,-0.7292256;
racing,killCuboid,1.75,4,1,-186.5,60,2429,0,0.6842734,0,-0.7292256;
custom,cuboid,default,2,7.5,2,1,1,1,0,1,1,87,42.5,2465,0,0.6739143,0,-0.7388096;
racing,killCuboid,2.2,7.7,2.2,87,42.5,2465,0,0.6739143,0,-0.7388096;
racing,killCuboid,7.25,6,1.5,84.65,50,2438.9,0,0.6739143,0,-0.7388096;
racing,killCuboid,5,7.5,1.5,85.6,42.5,2449.8,0,0.6739143,0,-0.7388096;
racing,checkpointCuboid,1.5,7.48,6.5,127.5,42.4,2461.5,0,0.6789065,0,-0.7342248;
custom,cuboid,lava1,1.9,0.2,6.5,1,1,1,1,0.23,1,127.5,6,2461.5,0,0.6789065,0,-0.7342248;
custom,cuboid,default,26,7.49,1.5,0,1,1,1,1,1,100.5,42.45,2602.5,0,0.6706472,0,-0.7417765;
racing,killCuboid,27.3,7.69,1.7,100.5,42.45,2602.5,0,0.6706472,0,-0.7417765;
custom,cuboid,default,1.55,7.5,1.55,1,1,1,0,1,1,113.375,42.5,2730,0,0.6706472,0,-0.7417765;
racing,killCuboid,1.5,7.7,18.25,3.5,42.5,2535,0,0.6706472,0,-0.7417765;
racing,killCuboid,21.5,7.7,1.7,25,42.5,2633.5,0,0.6706472,0,-0.7417765;
custom,cuboid,default,1.5,7.5,1.5,1,1,1,0,1,1,35,42.5,2732.5,0,0.6706472,0,-0.7417765;
racing,killCuboid,27,7.7,1.5,-67.25,42.5,2671,0,0.6706472,0,-0.7417765;
custom,cuboid,default,1.5,7.5,25.5,0,1,1,1,1,1,-94.5,42.5,2920.5,0,0.1629399,0,-0.986636;
racing,killCuboid,1.7,7.7,25.7,-94.5,42.5,2920.5,0,0.1629399,0,-0.986636;
custom,cuboid,default,2,7.5,2,1,1,1,0,1,1,-137.5,42.5,3040,0,0.3401361,0,0.9403762;
racing,killCuboid,2.2,7.7,2.2,-137.5,42.5,3040,0,0.3401361,0,0.9403762;
custom,cuboid,default,1.5,7.5,18.5,0,1,1,1,1,1,-175,42.5,2955,0,0.9798041,0,-0.19996;
racing,killCuboid,1.7,7.7,18.7,-175,42.5,2955,0,0.9798041,0,-0.19996;
custom,cuboid,default,17,7.5,1.5,0,1,1,1,1,1,-287.5,42.5,2875,0,0,0,1;
racing,killCuboid,17.2,7.7,1.7,-287.5,42.5,2875,0,0,0,1;
racing,killCuboid,1.5,6.25,9,-108,49.75,3075,0,0.3401361,0,0.9403762;
racing,killCuboid,20,6.25,1.7,-228,49.75,3042.75,0,0,0,1;
racing,killCuboid,20,1.5,7.75,-228,26,3073,0,0,0,1;
racing,killCuboid,1.7,6.25,7.75,-319.5,49.75,3073,0,0,0,1;
racing,killPrism,12,1.5,8.35,-128.75,26.25,3078.1,0,0,0,1;
racing,killCuboid,1.7,1.5,1.7,-319.5,12.5,3042.75,0,0,0,1;
custom,cuboid,default,1.5,7.5,1.5,1,1,1,0,1,1,-319.5,42.5,3042.75,0,0,0,1;
racing,killCuboid,9.1,6.25,1.7,-328,49.75,2980,0,0,0,1;
racing,killCuboid,9.1,1.5,10.6,-328,26,2935.5,0,0,0,1;
racing,killCuboid,1.7,6.25,10.6,-291,49.75,2935.5,0,0,0,1;
custom,cuboid,default,1.5,7.5,1.5,1,1,1,0,1,1,-291,42.5,2980,0,0,0,1;
racing,killCuboid,1.7,1.5,1.7,-291,12.5,2980,0,0,0,1;
custom,cuboid,default,1.5,7.5,16.5,0,1,1,1,1,1,-365,42.5,2952.5,0,0,0,1;
racing,killCuboid,1.7,7.7,16.7,-365,42.5,2952.5,0,0,0,1;
custom,cuboid,default,2,7.55,2,1,1,1,0,1,1,-365,42.75,3042.75,0,0,0,1;
racing,killCuboid,2.2,7.7,2.2,-365,42.75,3042.75,0,0,0,1;
custom,cuboid,default,16.5,7.5,1.5,0,1,1,1,1,1,-457.5,42.5,3042.75,0,0,0,1;
racing,killCuboid,16.7,7.7,1.7,-457.5,42.5,3042.75,0,0,0,1;
custom,cuboid,default,2,7.55,2,1,1,1,0,1,1,-540,42.75,3042.75,0,0,0,1;
racing,killCuboid,2.2,7.75,2.2,-540,42.75,3042.75,0,0,0,1;
racing,killCuboid,65,1.5,22.5,-150,87.5,2390,0,0,0,1;
racing,killCuboid,71,1.5,62.5,-180,87.5,2815,0,0,0,1;
racing,killCuboid,1.5,34,16,-540,250,3115.25,0,0,0,1;
racing,killCuboid,19,50,1.5,-627.5,255,3042.75,0,0,0,1;
racing,killCuboid,1.5,50,16,-715,255,3115.25,0,0,0,1;
racing,killCuboid,19,34,1,-627.5,250,3190.25,0,0,0,1;
racing,killCuboid,19,1,16,-627.5,500,3115.25,0,0,0,1;
custom,cuboid,lava1,18.9,0.9,15.9,0,1,1,1,1,1,-627.5,500,3115.25,0,0,0,1;
custom,cylinder,default,1.25,4.5,1.25,1,1,1,0,1,1,-540,80,3080.875,0.5,0.5,0.5,0.5;
racing,killCylinder,1.35,4.55,1.35,-540,80,3080.875,0.5,0.5,0.5,0.5;
racing,killCuboid,15,1,8,-602.5,125,3075.25,0,0,0.2922186,-0.9563516;
racing,killCuboid,19.5,1,8,-630,54,3075.25,0,0,0.2922186,-0.9563516;
custom,cylinder,default,1.25,3.7,1.25,1,1,1,0,1,1,-662.5,165,3072.75,0.5,0.5,0.5,0.5;
racing,killCylinder,1.35,3.75,1.35,-662.5,165,3072.75,0.5,0.5,0.5,0.5;
racing,killCuboid,11.5,1,7.5,-605,165,3072.75,0,0,0,1;
racing,killCuboid,4,4,4,-567.5,190,3055.25,0,0,0,1;
racing,killCuboid,3,0.5,0.8125,-642,207.5,3181.238,0,0,0,1;
racing,killCuboid,3,0.5,1.625,-642,202.5,3177.175,0,0,0,1;
racing,killCuboid,3,0.5,2.4375,-642,197.5,3173.063,0,0,0,1;
racing,killCuboid,3,0.5,3.25,-642,192.5,3169,0,0,0,1;
racing,killCuboid,3,0.5,4.0625,-642,187.5,3164.938,0,0,0,1;
racing,killCuboid,3,0.5,4.875,-642,182.5,3160.875,0,0,0,1;
racing,killCuboid,3,0.5,5.6875,-642,177.5,3156.813,0,0,0,1;
racing,killCuboid,3,0.5,6.5,-642,172.5,3152.75,0,0,0,1;
racing,killCuboid,16,16.5,1,-627.5,87.5,3115.25,0,0,0,1;
racing,killCuboid,16,16.5,6.5,-627.5,87.5,3152.75,0,0,0,1;
racing,killCuboid,16,1,7.5,-627.5,215,3072.75,0,0,0,1;
racing,killCuboid,11.5,1,7.5,-605,215,3147.75,0,0,0,1;
custom,cylinder,default,1.25,3.7,1.25,1,1,1,0,1,1,-662.5,215,3147.75,0.5,0.5,0.5,0.5;
racing,killCylinder,1.35,3.75,1.35,-662.5,215,3147.75,0.5,0.5,0.5,0.5;
racing,killCuboid,1,4,3.5,-637.5,240,3167.75,0,0,0,1;
racing,killCuboid,1,4,3.5,-602.5,240,3137.75,0,0,0,1;
racing,killCuboid,1,2,7.5,-632.5,250,3072.25,0,0,0,1;
custom,cylinder,default,1,3.7,1,1,1,1,0,1,1,-662.5,265,3072.75,0.5,0.5,0.5,0.5;
racing,killCylinder,1.1,3.75,1.1,-662.5,265,3072.75,0.5,0.5,0.5,0.5;
racing,killCuboid,1,2,15,-632.5,280,3109.75,0,0,0,1;
racing,killCuboid,1,1,15,-602.5,305,3109.75,0,0,0,1;
racing,killCuboid,1,1,15,-602.5,275,3109.75,0,0,0,1;
racing,killCuboid,3,2,1,-562.5,300,3115.25,0,0,0,1;
racing,killCuboid,11.5,1,7.5,-605,265,3072.75,0,0,0,1;
racing,killCuboid,16,1,7.5,-627.5,265,3147.75,0,0,0,1;
custom,cylinder,default,1,3.7,1,1,1,1,0,1,1,-662.5,315,3147.75,0.5,0.5,0.5,0.5;
racing,killCylinder,1.1,3.75,1.1,-662.5,315,3147.75,0.5,0.5,0.5,0.5;
racing,killCuboid,1,4,2.25,-622.5,340,3174,0,0,0,1;
racing,killCuboid,1,4,2.25,-622.5,340,3121.5,0,0,0,1;
racing,killCuboid,1,4,3.5,-582.5,340,3167.75,0,0,0,1;
racing,killArc180,1.5,15,1.5,-602.5,327.5,3071,0.5,-0.5,-0.5,0.5;
racing,killArc180,1.5,15,1.5,-662.5,327.5,3071,0.5,-0.5,-0.5,0.5;
racing,killCuboid,16,1,7.5,-627.5,315,3072.75,0,0,0,1;
racing,killCuboid,11.5,1,7.5,-605,315,3147.75,0,0,0,1;
racing,killArc180,1.5,15,1.5,-602.5,402.5,3071,0.5,0.5,0.5,0.5;
racing,killArc180,1.5,15,1.5,-662.5,402.5,3071,0.5,0.5,0.5,0.5;
racing,killCuboid,7,1,7.5,-582.5,365,3072.75,0,0,0,1;
custom,cylinder,default,0.75,3.7,0.75,1,1,1,0,1,1,-632.5,365,3072.75,0.5,0.5,0.5,0.5;
racing,killCylinder,3.5,3.75,3.5,-632.5,365,3072.75,0.5,0.5,0.5,0.5;
racing,killCuboid,16,1,7.5,-627.5,365,3147.75,0,0,0,1;
racing,killCuboid,16,1,7.5,-627.5,415,3072.75,0,0,0,1;
racing,killCuboid,9,1,7.5,-592.5,415,3147.75,0,0,0,1;
custom,cylinder,default,1,3.7,1,1,1,1,0,1,1,-637.5,415,3147.75,0.5,0.5,0.5,0.5;
racing,killCylinder,1.1,3.75,1.1,-637.5,415,3147.75,0.5,0.5,0.5,0.5;
racing,killCuboid,12.5,25,1,-645,295,3115.25,0,0,0,1;
racing,killCuboid,1,4,2.25,-632.5,390,3174,0,0,0,1;
racing,killCuboid,1,4,2.25,-632.5,390,3121.5,0,0,0,1;
racing,killCuboid,1,1.25,7.5,-632.5,403.75,3147.75,0,0,0,1;
racing,killCuboid,1,1.25,7.5,-632.5,376.25,3147.75,0,0,0,1;
custom,cylinder,default,1,16.65,1,1,1,1,0,1,1,-582.5,337.25,3115.25,0,0,0,1;
racing,killCylinder,1.1,16.75,1.1,-582.5,337.25,3115.25,0,0,0,1;
racing,killCuboid,17.5,7.5,8.5,-620,457.5,3077.75,0,0,0,1;
racing,killCuboid,14.25,7.5,1,-651.25,457.5,3190.25,0,0,0,1;
custom,cuboid,lava1,5,1.3,7.7,0,1,1,1,0.41,0.7,-555.5,416.6,3158.75,0,0,0,1;
racing,checkpointCuboid,0.8,7.5,5.5,-575.25,459,3157.75,0,0,0,1;
custom,startCuboid,default,0.8,7.5,5.5,0,1,1,1,1,1,-537.5,459,3157.75,0,0,0,1;
custom,endCuboid,default,0.8,7.5,5.5,0,1,1,1,1,1,-537.5,459,3157.75,0,0,0,1;
custom,cuboid,default,0.85,0.5,2,1,1,1,0,1,1,-537.5,459,3157.75,0,0,0,1;
custom,prism,default,1,0.85,1,1,1,1,0,1,1,-537.33,459,3170,0.7071066,0.7071066,0.0004979626,0.0004979626;
custom,cuboid,lava1,1,7.5,1,0,1,1,1,0.14,1,-537.5,459,3125.25,0,0,0,1;
custom,cuboid,lava1,1,7.5,1,0,1,1,1,0.14,1,-575.25,459,3190.25,0,0,0,1;
custom,cuboid,lava1,1,7.5,1,0,1,1,1,0.14,1,-575.25,459,3125.25,0,0,0,1;
custom,cuboid,lava1,1,7.5,1,0,1,1,1,0.14,1,-537.5,459,3190.25,0,0,0,1;
racing,killCuboid,1,7.5,6,-575.25,459,3225.25,0,0,0,1;
racing,killCuboid,7,7.5,1.5,-545.25,459,3262.75,0,0,0,1;
racing,killCuboid,7,1.5,7.5,-545.25,414,3232.75,0,0,0,1;
racing,killCuboid,7,1,7.5,-545.25,501.5,3232.75,0,0,0,1;
racing,killCuboid,92.5,7.5,1.5,-68.5,459,3392.75,0,0.9898254,0,0.1422874;
racing,killCuboid,105,1.5,13.825,-49.75,414,3334,0,0.9898254,0,0.1422874;
racing,killCuboid,105,1,13.825,-49.75,501.5,3334,0,0.9898254,0,0.1422874;
custom,sphere,default,1.5,1.5,1.5,1,1,0,1,1,1,-408.375,459,3324.25,0,0,0,1;
racing,killCuboid,1.5,7.5,6,-388.5,459,3259.75,0,0.9898254,0,0.1422874;
custom,sphere,default,1.5,1.5,1.5,1,1,0,1,1,1,-116.25,459,3221,0,0,0,1;
racing,killCuboid,1.5,7.5,6,-134,459,3284,0,0.9898254,0,0.1422874;
custom,sphere,default,1.5,1.5,1.5,1,1,0,1,1,1,79,459,3465.75,0,0,0,1;
racing,killCuboid,1.5,7.5,6,97.5,459,3402.5,0,0.9898254,0,0.1422874;
racing,killCuboid,1.5,7.5,5,400,459,3435.5,0,0.9898254,0,0.1422874;
custom,cuboid,default,1.8,7.3,1.8,1,1,0,1,1,1,373,459,3522.75,0,0,0,1;
racing,killCuboid,2,7.5,2,373,459,3522.75,0,0,0,1;
racing,killCuboid,148,7.5,1.5,-367,459,3522.75,0,0,0,1;
racing,killCuboid,173.25,1.5,12.75,-360.75,414,3579,0,0,0,1;
racing,killCuboid,232.25,1,12.75,-655.75,501.5,3579,0,0,0,1;
racing,killCuboid,1,2.5,9.75,150,484,3579,0,0,0,1;
custom,startCuboid,default,1,2.5,3.25,0,1,1,1,1,1,150,484,3579,0,0,0,1;
racing,killCuboid,1,2.5,9.75,150,433,3579,0,0,0,1;
racing,killCuboid,1,7.5,3.25,150,459,3611.5,0,0,0,1;
racing,killCuboid,1,7.5,3.25,150,459,3546.5,0,0,0,1;
racing,killCuboid,1,3.75,5.375,-408.375,477.75,3557.125,0,0,0,1;
custom,cylinder,default,0.9,4.775,0.9,1,1,0,1,1,1,-408.375,459,3579,0.7071068,0,0,0.7071068;
racing,killCylinder,1,4.875,1,-408.375,459,3579,0.7071068,0,0,0.7071068;
custom,cylinder,default,0.9,4.775,0.9,1,1,0,1,1,1,-468.275,459,3579,0.7071068,0,0,0.7071068;
racing,killCylinder,1,4.875,1,-468.275,459,3579,0.7071068,0,0,0.7071068;
racing,killCuboid,1,3.75,9.75,-468.275,477.75,3579,0,0,0,1;
racing,killCuboid,1,7.5,5.375,-468.275,459,3557.125,0,0,0,1;
custom,killCuboid,empty,0.2860826,3.65,9.65,0,1,1,1,1,1,-468.275,477.75,3579,0,0,0,1;
custom,killCuboid,empty,0.2860824,7.4,5.275,0,1,1,1,1,1,-468.275,459,3557.125,0,0,0,1;
custom,cylinder,default,0.7,2.0875,0.7,1,1,0,1,1,1,-143.375,459,3605.875,0.7071068,0,0,0.7071068;
racing,killCylinder,0.8,2.1875,0.8,-143.375,459,3605.875,0.7071068,0,0,0.7071068;
racing,killCuboid,26,0.5,4.375,-273.5,459,3605.875,0,0,0,1;
custom,cuboid,lava1,2,1.21,11.74,0,1,1,1,1.25,0.125,-1002,500.55,3579,0,0,0,1;
custom,cuboid,lava1,1.98,8.5,1.2,0,1,1,1,0.15,1,-1002,464,3526.25,0,0,0,1;
custom,cuboid,lava1,1.98,8.5,6.475,0,1,1,1,0.61,0.8,-1002,464,3605.375,0,0,0,1;
custom,cuboid,lava1,10,2,12.8,0,1,1,1,0.4,1,-1002,414,3579,0,0,0,1;
racing,checkpointCuboid,1.25,7.5,5.275,-1002,459,3552.625,0,0,0,1;
custom,pillar1,lava1,1,0.3,1,0,1,1,1,1,1,-1031,424.5,3607.5,0,0,0,1;
racing,checkpointCylinder,1,3.7,1,-1031,459,3607.5,0,0,0,1;
custom,pillar1,lava1,1,0.3,1,0,1,1,1,1,1,-1031,496.5,3607.5,0.7071068,0,0.7071068,0;
custom,cylinder,default,2.5,3.75,2.5,1,1,1,1,1,1,-1114.5,459,3522.75,0,0,0,1;
racing,killCuboid,1.5,7.5,30.625,-1114.5,459,3377.125,0,0,0,1;
racing,killCuboid,71,7.5,1.5,-1462,459,3231.5,0,0,0,1;
racing,killcuboid,1.5,7.5,71,-1809.5,459,3579,0,0,0,1;
racing,killCuboid,71,7.5,1.5,-1462,459,3926.5,0,0,0,1;
racing,killCuboid,1.5,7.5,30.625,-1114.5,459,3780.875,0,0,0,1;
racing,killCuboid,12,1.5,71,-1167,414,3579,0,0,0,1;
racing,killCuboid,12,1,71,-1167,501.5,3579,0,0,0,1;
racing,killCuboid,71,1.5,12,-1462,414,3284,0,0,0,1;
racing,killCuboid,71,1,12,-1462,501.5,3284,0,0,0,1;
racing,killCuboid,12,1.5,71,-1757,414,3579,0,0,0,1;
racing,killCuboid,12,1,71,-1757,501.5,3579,0,0,0,1;
racing,killCuboid,71,1.5,12,-1462,414,3874,0,0,0,1;
racing,killCuboid,71,1,12,-1462,501.5,3874,0,0,0,1;
custom,cuboid,default,29.8,1.3,29.8,0,1,1,1,1,1,-1462,414,3579,0,0,0,1;
racing,killCuboid,30,1.5,30,-1462,414,3579,0,0,0,1;
racing,killCuboid,5.5,7.5,1.5,-1439.5,42.5,3721.5,0,0,0,1;
racing,killCuboid,1.5,7.5,30.5,-1419.5,42.5,3866.5,0,0,0,1;
racing,killCuboid,35,7.5,1.5,-1252,42.5,4011.5,0,0,0,1;
racing,killSphere,4,4,4,-1400,42.5,4000,0,0,0,1;
custom,sphere,default,1.5,1.5,1.5,0,1,1,1,1,1,-1390,61.25,3840,0,0,0,1;
racing,killSphere,2,2,2,-1390,61.25,3840,0,0,0,1;
racing,killSphere,2,2,2,-1375,42.5,3900,0,0,0,1;
racing,killSphere,2,2,2,-1350,55,4002.5,0,0,0,1;
racing,killSphere,2,2,2,-1315,10,3872.5,0,0,0,1;
racing,killSphere,2,2,2,-1250,50,4002.5,0,0,0,1;
racing,killSphere,2,2,2,-1330,15,3962.5,0,0,0,1;
racing,killSphere,2.5,2.5,2.5,-1290,42.5,3900,0,0,0,1;
racing,killSphere,4,4,4,-1104,42.5,4000,0,0,0,1;
racing,killSphere,2,2,2,-1167.5,25,3962.5,0,0,0,1;
racing,killSphere,2,2,2,-1092.5,65,3920,0,0,0,1;
racing,killSphere,2,2,2,-1165,15,3860,0,0,0,1;
racing,killSphere,2.5,2.5,2.5,-1110,42.5,3855,0,0,0,1;
racing,killSphere,4.5,4.5,4.5,-1215,7.5,3945,0,0,0,1;
racing,killSphere,2,2,2,-1175,42.5,3890,0,0,0,1;
racing,killCuboid,1.5,7.5,59,-1084.5,42.5,3724,0,0,0,1;
racing,killCuboid,7,7.5,1.5,-1057,42.5,3436.5,0,0,0,1;
custom,cuboid,default,1.8,7.4,1.8,1,1,0,1,1,1,-1084.5,42.45,3436.5,0,0,0,1;
racing,killCuboid,2,7.5,2,-1084.5,42.5,3436.5,0,0,0,1;
racing,killCuboid,8.5,2.75,1,-1134.5,18.75,3436.5,0,0,0,1;
racing,killCuboid,8.5,2.75,1,-1134.5,66.25,3436.5,0,0,0,1;
racing,killCuboid,2.5,7.5,1,-1164.5,42.5,3436.5,0,0,0,1;
racing,killCuboid,2.5,7.5,1,-1104.5,42.5,3436.5,0,0,0,1;
racing,killCuboid,1.5,7.5,60.5,-1029.5,42.5,3126.5,0,0,0,1;
custom,cuboid,default,2.8,7.3,1.3,1,1,0,1,1,1,-1052,42.5,3336.5,0,0,0,1;
racing,killCuboid,11,7.5,1.5,-1092,42.5,3336.5,0,0,0,1;
racing,killCuboid,8.5,2.5,1.5,-1189.5,17.5,3336.5,0,0,0,1;
racing,killCuboid,8.5,2.5,1.5,-1189.5,67.5,3336.5,0,0,0,1;
custom,endPrism,default,1,1.5,1,0,1,1,1,1,1,-1134.5,42.5,3336.8,0.5,0.5,0.5,0.5;
custom,endPrism,default,1,1.5,1,0,1,1,1,1,1,-1134.5,42.5,3336.8,0.5,0.5,0.5,0.5;
custom,cuboid,default,2.8,7.3,1.3,1,1,0,1,1,1,-1217,42.5,3216.5,0,0,0,1;
racing,killCuboid,11,7.5,1.5,-1177,42.5,3216.5,0,0,0,1;
racing,killCuboid,8.5,5,1.5,-1079.5,55,3216.5,0,0,0,1;
custom,endPrism,default,1,1.5,1,0,1,1,1,1,1,-1134.5,22.5,3216.8,0.5,-0.5,-0.5,0.5;
custom,endPrism,default,1,1.5,1,0,1,1,1,1,1,-1134.5,22.5,3216.8,0.5,-0.5,-0.5,0.5;
custom,cuboid,default,2.8,7.3,1.3,1,1,0,1,1,1,-1052,42.5,3086.5,0,0,0,1;
racing,killCuboid,11,7.5,1.5,-1092,42.5,3086.5,0,0,0,1;
racing,killCuboid,8.5,2.5,1.5,-1189.5,17.5,3086.5,0,0,0,1;
racing,killCuboid,8.5,2.5,1.5,-1189.5,67.5,3086.5,0,0,0,1;
custom,endPrism,default,1,1.5,1,0,1,1,1,1,1,-1134.5,42.5,3086.8,0.5,0.5,0.5,0.5;
custom,endPrism,default,1,1.5,1,0,1,1,1,1,1,-1134.5,42.5,3086.8,0.5,0.5,0.5,0.5;
custom,cuboid,default,2.8,7.3,1.3,1,1,0,1,1,1,-1217,42.5,2955,0,0,0,1;
racing,killCuboid,11,7.5,1.5,-1177,42.5,2955,0,0,0,1;
racing,killCuboid,8.5,5,1.5,-1079.5,30,2955,0,0,0,1;
custom,endPrism,default,1,1.5,1,0,1,1,1,1,1,-1134.5,67.5,2955.3,0.5,-0.5,-0.5,0.5;
custom,endPrism,default,1,1.5,1,0,1,1,1,1,1,-1134.5,67.5,2955.3,0.5,-0.5,-0.5,0.5;
racing,killCuboid,1.5,7.5,30,-1172.5,42.5,2845,0,0.6511946,0,-0.7589108;
custom,cuboid,default,1.8,7.31,1.8,1,1,0,1,1,1,-1315,42.5,2867.5,0,0.6511946,0,-0.7589108;
racing,killCuboid,2,7.5,2,-1315,42.5,2867.5,0,0.6511946,0,-0.7589108;
racing,killCuboid,12,2,1,-1360,70,2900,0,0.947681,0,-0.3192189;
racing,killCuboid,12,2,1,-1360,15,2900,0,0.947681,0,-0.3192189;
racing,killCuboid,12,4,1,-1415,25,2825,0,0.947681,0,-0.3192189;
racing,killCuboid,12,2,1,-1475,70,2747.5,0,0.947681,0,-0.3192189;
racing,killCuboid,12,2,1,-1475,15,2747.5,0,0.947681,0,-0.3192189;
racing,killCuboid,6,7.5,1,-1499,42.5,2765.75,0,0.947681,0,-0.3192189;
custom,checkpointCuboid,default,5.8,3.3,0.8,0,1,1,1,1,1,-1499,42.5,2765.75,0,0.947681,0,-0.3192189;
custom,cuboid,default,1.3,7.31,25.55,0,1,1,1,1,1,-1390,42.5,2762.5,0,0.947681,0,-0.3192189;
racing,killCuboid,1.5,7.5,25.75,-1390,42.5,2762.5,0,0.947681,0,-0.3192189;
racing,killCuboid,1.5,7.5,80,-1790,42.5,2705,0,0.6636146,0,-0.7480747;
custom,cuboid,default,1.3,7.3,24.8,0,1,1,1,1,1,-1635,42.5,2785,0,0.9718848,0,-0.2354566;
racing,killCuboid,1.5,7.5,25,-1635,42.5,2785,0,0.9718848,0,-0.2354566;
custom,cuboid,default,1.55,7.31,1.55,1,1,0,1,1,1,-1577.5,42.5,2900,0,0.9945055,0,-0.1046848;
racing,killCuboid,1.75,7.5,1.75,-1577.5,42.5,2900,0,0.9945055,0,-0.1046848;
custom,cuboid,default,1.3,7.3,9.8,0,1,1,1,1,1,-1635,42.5,2907.5,0,0.6511946,0,-0.7589108;
racing,killCuboid,1.5,7.5,10,-1635,42.5,2907.5,0,0.6511946,0,-0.7589108;
racing,killCuboid,1,7.5,6.5,-1545,42.5,2895,0,0.6511946,0,-0.7589108;
custom,cuboid,default,1.55,7.31,1.55,1,1,0,1,1,1,-1682.5,42.5,2915,0,0.6511946,0,-0.7589108;
racing,killCuboid,1.75,7.5,1.75,-1682.5,42.5,2915,0,0.6511946,0,-0.7589108;
racing,killCuboid,14,1.5,1,-1720,72.5,2975,0,0.8645072,0,-0.5026205;
racing,killCuboid,14,1.5,1,-1720,42.5,2975,0,0.8645072,0,-0.5026205;
racing,killCuboid,14,1.5,1,-1720,12.5,2975,0,0.8645072,0,-0.5026205;
racing,killCuboid,11.5,2.5,1,-1782.5,67.5,2865,0,0.962651,0,-0.2707456;
racing,killCuboid,11.5,2.5,1,-1782.5,17.5,2865,0,0.962651,0,-0.2707456;
racing,killCuboid,3.5,7.5,1,-1748.4,42.5,2844.1,0,0.962651,0,-0.2707456;
racing,killCuboid,3.5,7.5,1,-1816.75,42.5,2886,0,0.962651,0,-0.2707456;
racing,killCuboid,1.5,7.5,25,-1740,42.5,2807.5,0,0.9718848,0,-0.2354566;
racing,endCuboid,1,7.5,6,-2335,42.5,2780.75,0,0,0,1;
custom,cuboid,default,1.5,7.5,0.5,0,1,1,1,1,1,-2335,42.5,2750.75,0,0,0,1;
custom,cuboid,default,1.5,7.5,0.5,0,1,1,1,1,1,-2335,42.5,2810.75,0,0,0,1;
custom,cuboid,default,1.5,0.5,6.5,0,1,1,1,1,1,-2335,80,2780.75,0,0,0,1;
custom,startCuboid,default,32,1,32,0,1,1,1,1,1,-2335,160,2780.75,0,0,0,1;
custom,cuboid,default,31.75,0.2,0.5,0,1,1,1,1,1,-2335,9,2860.75,0,0,0,1;
custom,killCuboid,default,31.75,0.1,7.5,0,1,1,1,1,1,-2335,8.5,2900.25,0,0,0,1;
racing,checkpointPlane,31.75,1,7.5,-2335,8.75,2900.25,1,0,0,0.00010001;
custom,cuboid,default,31.75,0.2,0.5,0,1,1,1,1,1,-2335,9,2700.75,0,0,0,1;
custom,killCuboid,default,31.75,0.1,7.5,0,1,1,1,1,1,-2335,8.5,2661.25,0,0,0,1;
racing,checkpointPlane,31.75,1,7.5,-2335,8.75,2661.25,1,0,0,0.00010001;
custom,cuboid,lava1,31.75,0.3,31.75,1,1,1,1,1,1,-2335,6.5,2780.75,0,0,0,1;
custom,cuboid,default,1.5,15,14,0,1,1,1,1,1,-2182.5,80,2690.75,0,0,0,1;
custom,cuboid,default,1.5,15,14,0,1,1,1,1,1,-2182.5,80,2870.75,0,0,0,1;
custom,cuboid,default,1.5,7.7,4,0,1,1,1,1,1,-2182.5,116.5,2780.75,0,0,0,1;
custom,cuboid,default,32,15,1.5,0,1,1,1,1,1,-2335,80,2628.25,0,0,0,1;
custom,cuboid,default,32,15,1.5,0,1,1,1,1,1,-2335,80,2933.25,0,0,0,1;
custom,cuboid,default,1.5,15,13.5,0,1,1,1,1,1,-2487.5,80,2688.25,0,0,0,1;
custom,cuboid,default,1.5,15,13.5,0,1,1,1,1,1,-2487.5,80,2873.25,0,0,0,1;
custom,cuboid,default,1.5,7.5,5,0,1,1,1,1,1,-2487.5,117.5,2780.75,0,0,0,1;
custom,cuboid,default,7,1,7,0,1,1,1,1,1,-2530,85,2780.75,0,0,0,1;
custom,cuboid,default,1,7.5,7,0,1,1,1,1,1,-2560,42.5,2780.75,0,0,0,1;
custom,cuboid,default,7,7.5,1,0,1,1,1,1,1,-2530,42.5,2810.75,0,0,0,1;
custom,cuboid,default,7,7.5,1,0,1,1,1,1,1,-2530,42.5,2750.75,0,0,0,1;
custom,cuboid,default,7.5,1.5,7,0,1,1,1,1,1,-2527.5,-0.5,2780.75,0,0,0,1;
racing,checkpointSphere,2.82,2.82,2.82,-2538.593,5,2779.678,0,0.9950372,0,-0.09950373;
racing,killSphere,2.52,2.52,2.52,-2538.593,5,2779.678,0,0.9950372,0,-0.09950373;
custom,cuboid,lava1,5,1.5,13,0,1,1,1,0.3846154,1,487.5,300,2010,0,0.1199731,0,0.9927772;
custom,cuboid,lava1,1.49,1.1,12,0,1,1,1,0.1241667,1,487.5,375,2010,0,0.1199731,0,0.9927772;
custom,cuboid,lava1,1.5,7.5,1,0,1,1,1,0.2,1,500.625,342.95,2063.5,0,0.1199731,0,0.9927772;
custom,cuboid,lava1,1.5,7.5,1,0,1,1,1,0.2,1,474.375,342.95,1956.5,0,0.1199731,0,0.9927772;
racing,checkpointCuboid,1,7.25,11.75,487.5,341.25,2010,0,0.1199731,0,0.9927772;
custom,cuboid,default,0.9,4.9,12.85,0,1,1,1,1,1,-135,355,2162.5,0,0.1199731,0,0.9927772;
custom,cylinder,default,1.5,3.6875,1.5,1,0,0.8,0,1,1,316.5728,341.875,2103.257,0,0.1199731,0,0.9927772;
custom,cylinder,default,1.5,3.6875,1.5,1,0,0.8,0,1,1,148.0955,341.875,2144.928,0,0.1199731,0,0.9927772;
custom,cylinder,default,2,3.6875,2,1,0,0.8,0,1,1,-94.52357,341.875,2204.442,0,0.1199731,0,0.9927772;
custom,cylinder,default,1.5,3.6875,1.5,1,0,0.8,0,1,1,353.3283,341.875,1991.679,0,0.1199731,0,0.9927772;
custom,cylinder,default,1.5,3.6875,1.5,1,0,0.8,0,1,1,219.3005,341.875,2024.549,0,0.1199731,0,0.9927772;
custom,cylinder,default,2,3.6875,2,1,0,0.8,0,1,1,9.618859,341.875,2075.946,0,0.1199731,0,0.9927772;
racing,killCuboid,4.75,1.25,12.95,443.9795,298.75,2020.712,0,0.1199731,0,0.9927772;
racing,killCuboid,4.419417,0.8838835,12.95,408.773,311.25,2029.347,-0.04591172,0.1108407,-0.3799194,0.9172065;
racing,killCuboid,19.5,1.25,12.95,301.9396,323.75,2055.55,0,0.1199731,0,0.9927772;
racing,killCuboid,9.744497,1.25,12.95,468.2331,385,2014.763,0,0.1199731,0,0.9927772;
racing,killCuboid,4.419417,0.8838835,12.95,408.773,372.5,2029.347,0.04591172,0.1108407,0.3799194,0.9172065;
racing,killCuboid,19.5,1.25,12.95,301.9396,360,2055.55,0,0.1199731,0,0.9927772;
racing,killCuboid,3.535534,0.8838835,12.95,198.1412,333.125,2081.009,-0.04591172,0.1108407,-0.3799194,0.9172065;
racing,killCuboid,30,1,12.95,43.35418,343.75,2118.975,0,0.1199731,0,0.9927772;
racing,killCuboid,1,3.375,12.95,-97.47169,321.875,2153.515,0,0.1199731,0,0.9927772;
custom,cuboid,default,0.9,0.9,12.85,0,1,1,1,1,1,-97.47169,343.75,2153.515,0,0.1199731,0,0.9927772;
racing,killCuboid,4.419417,0.8838835,12.95,195.1062,372.5,2081.754,-0.04591172,0.1108407,-0.3799194,0.9172065;
racing,killCuboid,60.75426,1.25,12.95,-112.0606,385,2157.094,0,0.1199731,0,0.9927772;
racing,killCuboid,32.37926,1.25,12.95,-249.8514,298.75,2190.89,0,0.1199731,0,0.9927772;
racing,killCuboid,95,7.375,1.5,40.58918,341.875,2060.706,0,0.1199731,0,0.9927772;
racing,killCuboid,95,7.375,1.5,67.86459,341.875,2171.91,0,0.1199731,0,0.9927772;
racing,killarc180,4.95,14.75,4.95,360.1508,340.2525,2015.507,0,0.7868332,0,0.6171657;
racing,killarc180,5.95,14.75,5.95,227.5013,340.2525,2053.191,0,0.7868332,0,0.6171657;
racing,killarc180,6.95,14.75,6.95,19.19797,340.2525,2109.402,0,0.7868332,0,0.6171657;
racing,killarc180,4.95,14.75,4.95,309.7502,340.2525,2079.429,0,-0.6171657,0,0.7868332;
racing,killarc180,5.95,14.75,5.95,139.8947,340.2525,2116.286,0,-0.6171657,0,0.7868332;
racing,killarc180,6.95,14.75,6.95,-104.1027,340.2525,2170.987,0,-0.6171657,0,0.7868332;
custom,cuboid,lava1,4.75,1.15,12.85,0,1,1,1,0.3696498,1,443.9795,298.75,2020.712,0,0.1199731,0,0.9927772;
custom,cuboid,lava1,4.348707,0.8131728,12.85,0,1,1,1,0.3384207,1,408.773,311.25,2029.347,-0.04591172,0.1108407,-0.3799194,0.9172065;
custom,cuboid,lava1,19.5,1.15,12.85,0,1,1,1,1.51751,1,301.9396,323.75,2055.55,0,0.1199731,0,0.9927772;
custom,cuboid,lava1,3.464823,0.8131728,12.85,0,1,1,1,0.269636,1,198.1412,333.125,2081.009,-0.04591172,0.1108407,-0.3799194,0.9172065;
racing,killCuboid,35,7.5,1,-238.375,459,3579,0,0,0,1;
racing,killCuboid,1,7.5,4.375,-68.375,459,3605.875,0,0,0,1;
racing,killCuboid,1,1.5,1.5,-68.375,477.75,3605.875,0.3826835,0,0,0.9238796;
racing,killCuboid,1,1.5,1.5,-68.375,440.25,3605.875,0.3826835,0,0,0.9238796;
racing,killCuboid,6.375,1.875,1,-435.25,430.875,3579,0,0,0,1;
racing,killCuboid,6.375,1,2.4375,-435.25,459,3615.563,0,0,0,1;
racing,killCuboid,6.375,0.77763,3.777503,-435.25,449.1015,3591.132,-0.3334441,0,0,0.9427699;
racing,killPrism,2.9375,1,1.371213,-408.575,458.4678,3588.95,-0.5,0.5,0.5,0.5;
racing,killPrism,2.375,1,1.695974,-408.175,451.9125,3580.843,0.7071068,0.7071068,4.329781E-17,4.329781E-17;
racing,killCuboid,26,0.5,4.375,-273.375,459,3605.875,0,0,0,1;
racing,killPrism,2.9375,1,1.371213,-468.4705,458.4678,3588.95,-0.5,0.5,0.5,0.5;
racing,killPrism,2.375,1,1.695974,-468.0704,451.9125,3580.843,0.7071068,0.7071068,4.329781E-17,4.329781E-17;
